! East Basin - Station ER_09; file prepared by Michael Markowiak
! 2012099.000
34	data sets																																		
6	number of depths																																		
22	163	"i,j"																																	
DEPTH	WTR_TEMP	SALINITY	SSOL1	SSOL2	DO	pH	DIC	POCL	DOCL	PO4	POPL	DOPL	PIP	NH4	NO3	PONL	DONL	PIN	SiO2	CHLOR	FDIAT	CYANO	CRYPT	MDIAT	IP_CHL	IP_FDI	IP_CYA	IP_CRY	IP_MDI	IN_CHL	IN_FDI	IN_CYA	IN_CRY	IN_MDI	
0	4.40	0.05	2	0	12.80935429	7.82	21.84	0.26	2.5	0.005204225	0.000619717	0.002802275	0.000619717	0.01446	0.241	0.00964	0.02651	0.001	0.35775	0.0328	0.109333333	0.0328	0.153066667	0.765333333	0.0000328	5.46667E-05	0.0000164	7.65333E-05	0.000382667	0.00021	0.00032	0.0001	0.00045	0.00223
5	4.40	0.05	2	0	12.80935429	7.82	21.84	0.26	2.5	0.005204225	0.000619717	0.002802275	0.000619717	0.01446	0.241	0.00964	0.02651	0.001	0.35775	0.0328	0.109333333	0.0328	0.153066667	0.765333333	0.0000328	5.46667E-05	0.0000164	7.65333E-05	0.000382667	0.00021	0.00032	0.0001	0.00045	0.00223
10	4.40	0.05	2	0	12.80935429	7.82	21.84	0.26	2.5	0.005204225	0.000619717	0.002802275	0.000619717	0.01446	0.241	0.00964	0.02651	0.001	0.35775	0.0328	0.109333333	0.0328	0.153066667	0.765333333	0.0000328	5.46667E-05	0.0000164	7.65333E-05	0.000382667	0.00021	0.00032	0.0001	0.00045	0.00223
20	4.40	0.05	2	0	12.80935429	7.82	21.84	0.26	2.5	0.005204225	0.000619717	0.002802275	0.000619717	0.01446	0.241	0.00964	0.02651	0.001	0.35775	0.0328	0.109333333	0.0328	0.153066667	0.765333333	0.0000328	5.46667E-05	0.0000164	7.65333E-05	0.000382667	0.00021	0.00032	0.0001	0.00045	0.00223
30	4.40	0.05	2	0	12.80935429	7.82	21.84	0.26	2.5	0.005204225	0.000619717	0.002802275	0.000619717	0.01446	0.241	0.00964	0.02651	0.001	0.35775	0.0328	0.109333333	0.0328	0.153066667	0.765333333	0.0000328	5.46667E-05	0.0000164	7.65333E-05	0.000382667	0.00021	0.00032	0.0001	0.00045	0.00223
40	4.40	0.05	2	0	12.80935429	7.82	21.84	0.26	2.5	0.005204225	0.000619717	0.002802275	0.000619717	0.01446	0.241	0.00964	0.02651	0.001	0.35775	0.0328	0.109333333	0.0328	0.153066667	0.765333333	0.0000328	5.46667E-05	0.0000164	7.65333E-05	0.000382667	0.00021	0.00032	0.0001	0.00045	0.00223
