348212.85,4711098.23
348228.764171224,4711086.11640622
348244.678342448,4711074.00281244
348260.592513672,4711061.88921866
348276.506684896,4711049.77562488
348292.42085612,4711037.6620311
348308.335027344,4711025.54843732
348324.249198568,4711013.43484354
348340.163369792,4711001.32124977
348356.077541016,4710989.20765599
348371.99171224,4710977.09406221
348387.905883464,4710964.98046843
348403.820054688,4710952.86687465
348419.734225912,4710940.75328087
348435.648397136,4710928.63968709
348451.56256836,4710916.52609331
348467.476739584,4710904.41249953
348483.390910808,4710892.29890575
348499.305082032,4710880.18531197
348515.219253256,4710868.07171819
348531.13342448,4710855.95812441
348547.047595704,4710843.84453063
348562.961766928,4710831.73093685
348578.875938152,4710819.61734307
348594.790109376,4710807.50374929
348610.7042806,4710795.39015551
348626.618451824,4710783.27656174
348642.532623048,4710771.16296796
348658.446794272,4710759.04937418
348674.360965496,4710746.9357804
348690.27513672,4710734.82218662
348706.189307944,4710722.70859284
348722.103479168,4710710.59499906
348738.017650392,4710698.48140528
348753.931821616,4710686.3678115
348769.84599284,4710674.25421772
348785.760164064,4710662.14062394
348801.674335288,4710650.02703016
348817.588506512,4710637.91343638
348833.502677736,4710625.7998426
348849.41684896,4710613.68624882
348865.331020184,4710601.57265504
348881.245191408,4710589.45906126
348897.159362632,4710577.34546749
348913.073533856,4710565.23187371
348928.98770508,4710553.11827993
348944.901876304,4710541.00468615
348960.816047528,4710528.89109237
348976.730218752,4710516.77749859
348992.644389976,4710504.66390481
349008.5585612,4710492.55031103
349024.472732424,4710480.43671725
349040.386903648,4710468.32312347
349056.301074872,4710456.20952969
349072.215246096,4710444.09593591
349088.12941732,4710431.98234213
349104.043588544,4710419.86874835
349119.957759768,4710407.75515457
349135.871930992,4710395.64156079
349151.786102216,4710383.52796701
349167.70027344,4710371.41437323
349183.614444664,4710359.30077946
349199.528615888,4710347.18718568
349215.442787112,4710335.0735919
349231.356958336,4710322.95999812
349247.27112956,4710310.84640434
349263.185300784,4710298.73281056
349279.099472008,4710286.61921678
349295.013643232,4710274.505623
349310.927814456,4710262.39202922
349326.84198568,4710250.27843544
349342.756156904,4710238.16484166
349358.670328128,4710226.05124788
349374.584499352,4710213.9376541
349390.498670576,4710201.82406032
349406.4128418,4710189.71046654
349422.327013024,4710177.59687276
349438.241184248,4710165.48327898
349454.155355472,4710153.3696852
349470.069526696,4710141.25609143
349485.98369792,4710129.14249765
349501.897869144,4710117.02890387
349517.812040368,4710104.91531009
349533.726211592,4710092.80171631
349549.640382816,4710080.68812253
349565.55455404,4710068.57452875
349581.468725264,4710056.46093497
349597.382896488,4710044.34734119
349613.297067712,4710032.23374741
349629.211238936,4710020.12015363
349645.12541016,4710008.00655985
349661.039581384,4709995.89296607
349676.953752608,4709983.77937229
349692.867923832,4709971.66577851
349708.782095056,4709959.55218473
349724.69626628,4709947.43859096
349740.610437504,4709935.32499718
349756.524608728,4709923.2114034
349772.438779952,4709911.09780962
349788.352951176,4709898.98421584
349804.2671224,4709886.87062206
349820.181293624,4709874.75702828
349836.095464848,4709862.6434345
349852.009636072,4709850.52984072
349867.923807296,4709838.41624694
349883.83797852,4709826.30265316
349899.752149744,4709814.18905938
349915.666320968,4709802.0754656
349931.580492192,4709789.96187182
349947.494663416,4709777.84827804
349963.40883464,4709765.73468426
349979.323005864,4709753.62109048
349995.237177088,4709741.5074967
350011.151348312,4709729.39390292
350027.065519536,4709717.28030915
350042.97969076,4709705.16671537
350058.893861984,4709693.05312159
350074.808033208,4709680.93952781
350090.722204432,4709668.82593403
350106.636375656,4709656.71234025
350122.55054688,4709644.59874647
350138.464718104,4709632.48515269
350154.378889328,4709620.37155891
350170.293060552,4709608.25796513
350186.207231776,4709596.14437135
350202.121403,4709584.03077757
350218.035574224,4709571.91718379
350233.949745448,4709559.80359001
350249.863916672,4709547.68999623
350265.778087896,4709535.57640245
350281.69225912,4709523.46280868
350297.606430344,4709511.3492149
350313.520601568,4709499.23562112
350329.434772793,4709487.12202734
350345.348944017,4709475.00843356
350361.26311524,4709462.89483978
350377.177286464,4709450.781246
350393.091457689,4709438.66765222
350409.005628913,4709426.55405844
350424.919800137,4709414.44046466
350440.833971361,4709402.32687088
350456.748142585,4709390.2132771
350472.662313809,4709378.09968332
350488.576485033,4709365.98608954
350504.490656257,4709353.87249576
350520.404827481,4709341.75890198
350536.318998705,4709329.6453082
350552.233169929,4709317.53171442
350568.147341153,4709305.41812065
350584.061512377,4709293.30452687
350599.975683601,4709281.19093309
350615.889854825,4709269.07733931
350631.804026049,4709256.96374553
350647.718197273,4709244.85015175
350663.632368497,4709232.73655797
350679.546539721,4709220.62296419
350695.460710945,4709208.50937041
350711.374882169,4709196.39577663
350727.289053393,4709184.28218285
350743.203224617,4709172.16858907
350759.117395841,4709160.05499529
350775.031567065,4709147.94140151
350790.945738289,4709135.82780773
350806.859909513,4709123.71421395
350822.774080737,4709111.60062017
350838.688251961,4709099.48702639
350854.602423185,4709087.37343262
350870.516594409,4709075.25983884
350886.430765633,4709063.14624506
350902.344936857,4709051.03265128
350918.259108081,4709038.9190575
350934.173279305,4709026.80546372
350950.087450529,4709014.69186994
350966.001621753,4709002.57827616
350981.915792977,4708990.46468238
350997.829964201,4708978.3510886
351013.744135425,4708966.23749482
351029.658306649,4708954.12390104
351045.572477873,4708942.01030726
351061.486649097,4708929.89671348
351077.400820321,4708917.7831197
351093.314991545,4708905.66952592
351109.229162769,4708893.55593214
351125.143333993,4708881.44233837
351141.057505217,4708869.32874459
351156.971676441,4708857.21515081
351172.885847665,4708845.10155703
351188.800018889,4708832.98796325
351204.714190113,4708820.87436947
351220.628361337,4708808.76077569
351236.542532561,4708796.64718191
351252.456703785,4708784.53358813
351268.370875009,4708772.41999435
351284.285046233,4708760.30640057
351300.199217457,4708748.19280679
351316.113388681,4708736.07921301
351332.027559905,4708723.96561923
351347.941731129,4708711.85202545
351363.855902353,4708699.73843167
351379.770073577,4708687.62483789
351395.684244801,4708675.51124411
351411.598416025,4708663.39765034
351427.512587249,4708651.28405656
351443.426758473,4708639.17046278
351459.340929697,4708627.056869
351475.255100921,4708614.94327522
351491.169272145,4708602.82968144
351507.083443369,4708590.71608766
351522.997614593,4708578.60249388
351538.911785817,4708566.4889001
351554.825957041,4708554.37530632
351570.740128265,4708542.26171254
351586.654299489,4708530.14811876
351602.568470713,4708518.03452498
351618.482641937,4708505.9209312
351634.396813161,4708493.80733742
351650.310984385,4708481.69374364
351666.225155609,4708469.58014986
351682.139326833,4708457.46655609
351698.053498057,4708445.35296231
351713.967669281,4708433.23936853
351729.881840505,4708421.12577475
351745.796011729,4708409.01218097
351761.710182953,4708396.89858719
351777.624354177,4708384.78499341
351793.538525401,4708372.67139963
351809.452696625,4708360.55780585
351825.366867849,4708348.44421207
351841.281039073,4708336.33061829
351857.195210297,4708324.21702451
351873.109381521,4708312.10343073
351889.023552745,4708299.98983695
351904.937723969,4708287.87624317
351920.851895193,4708275.76264939
351936.766066417,4708263.64905561
351952.680237641,4708251.53546183
351968.594408865,4708239.42186806
351984.508580089,4708227.30827428
352000.422751313,4708215.1946805
352016.336922537,4708203.08108672
352032.251093761,4708190.96749294
352048.165264985,4708178.85389916
352064.079436209,4708166.74030538
352079.993607433,4708154.6267116
352095.907778657,4708142.51311782
352111.821949881,4708130.39952404
352127.736121105,4708118.28593026
352143.650292329,4708106.17233648
352159.564463553,4708094.0587427
352175.478634777,4708081.94514892
352191.392806001,4708069.83155514
352207.306977225,4708057.71796136
352223.221148449,4708045.60436758
352239.135319673,4708033.49077381
352255.049490897,4708021.37718003
352270.963662121,4708009.26358625
352286.877833345,4707997.14999247
352302.792004569,4707985.03639869
352318.706175793,4707972.92280491
352334.620347017,4707960.80921113
352350.534518241,4707948.69561735
352366.448689465,4707936.58202357
352382.362860689,4707924.46842979
352398.277031913,4707912.35483601
352414.191203137,4707900.24124223
352430.105374361,4707888.12764845
352446.019545585,4707876.01405467
352461.933716809,4707863.90046089
352477.847888033,4707851.78686711
352493.762059257,4707839.67327333
352509.676230481,4707827.55967955
352525.590401705,4707815.44608578
352541.504572929,4707803.332492
352557.418744153,4707791.21889822
352573.332915377,4707779.10530444
352589.247086601,4707766.99171066
352605.161257825,4707754.87811688
352621.075429049,4707742.7645231
352636.989600273,4707730.65092932
352652.903771497,4707718.53733554
352668.817942721,4707706.42374176
352684.732113945,4707694.31014798
352700.646285169,4707682.1965542
352716.560456393,4707670.08296042
352732.474627617,4707657.96936664
352748.388798841,4707645.85577286
352764.302970066,4707633.74217908
352780.21714129,4707621.6285853
352796.131312513,4707609.51499152
352812.045483737,4707597.40139775
352827.959654961,4707585.28780397
352843.873826186,4707573.17421019
352859.78799741,4707561.06061641
352875.702168634,4707548.94702263
352891.616339858,4707536.83342885
352907.530511082,4707524.71983507
352923.444682306,4707512.60624129
352939.35885353,4707500.49264751
352955.273024754,4707488.37905373
352971.187195978,4707476.26545995
352987.101367202,4707464.15186617
353003.015538426,4707452.03827239
353018.92970965,4707439.92467861
353034.843880874,4707427.81108483
353050.758052098,4707415.69749105
353066.672223322,4707403.58389727
353082.586394546,4707391.4703035
353098.50056577,4707379.35670972
353114.414736994,4707367.24311594
353130.328908218,4707355.12952216
353146.243079442,4707343.01592838
353162.157250666,4707330.9023346
353178.07142189,4707318.78874082
353193.985593114,4707306.67514704
353209.899764338,4707294.56155326
353225.813935562,4707282.44795948
353241.728106786,4707270.3343657
353257.64227801,4707258.22077192
353273.556449234,4707246.10717814
353289.470620458,4707233.99358436
353305.384791682,4707221.87999058
353321.298962906,4707209.7663968
353337.21313413,4707197.65280302
353353.127305354,4707185.53920924
353369.041476578,4707173.42561547
353384.955647802,4707161.31202169
353400.869819026,4707149.19842791
353416.78399025,4707137.08483413
353432.698161474,4707124.97124035
353448.612332698,4707112.85764657
353464.526503922,4707100.74405279
353480.440675146,4707088.63045901
353496.35484637,4707076.51686523
353512.269017594,4707064.40327145
353528.183188818,4707052.28967767
353544.097360042,4707040.17608389
353560.011531266,4707028.06249011
353575.92570249,4707015.94889633
353591.839873714,4707003.83530255
353607.754044938,4706991.72170877
353623.668216162,4706979.608115
353639.582387386,4706967.49452122
353655.49655861,4706955.38092744
353671.410729834,4706943.26733366
353687.324901058,4706931.15373988
353703.239072282,4706919.0401461
353719.153243506,4706906.92655232
353735.06741473,4706894.81295854
353750.981585954,4706882.69936476
353766.895757178,4706870.58577098
353782.809928402,4706858.4721772
353798.724099626,4706846.35858342
353814.63827085,4706834.24498964
353830.552442074,4706822.13139586
353846.466613298,4706810.01780208
353862.380784522,4706797.9042083
353878.294955746,4706785.79061452
353894.20912697,4706773.67702074
353910.123298194,4706761.56342696
353926.037469418,4706749.44983319
353941.951640642,4706737.33623941
353957.865811866,4706725.22264563
353973.77998309,4706713.10905185
353989.694154314,4706700.99545807
354005.608325538,4706688.88186429
354021.522496762,4706676.76827051
354037.436667986,4706664.65467673
354053.35083921,4706652.54108295
354069.265010434,4706640.42748917
354085.179181658,4706628.31389539
354101.093352882,4706616.20030161
354117.007524106,4706604.08670783
354132.92169533,4706591.97311405
354148.835866554,4706579.85952027
354164.750037778,4706567.74592649
354180.664209002,4706555.63233272
354196.578380226,4706543.51873894
354212.49255145,4706531.40514516
354228.406722674,4706519.29155138
354244.320893898,4706507.1779576
354260.235065122,4706495.06436382
354276.149236346,4706482.95077004
354292.06340757,4706470.83717626
354307.977578794,4706458.72358248
354323.891750018,4706446.6099887
354339.805921242,4706434.49639492
354355.720092466,4706422.38280114
354371.63426369,4706410.26920736
354387.548434914,4706398.15561358
354403.462606138,4706386.0420198
354419.376777362,4706373.92842602
354435.290948586,4706361.81483224
354451.20511981,4706349.70123846
354467.119291034,4706337.58764469
354483.033462258,4706325.47405091
354498.947633482,4706313.36045713
354514.861804706,4706301.24686335
354530.77597593,4706289.13326957
354546.690147154,4706277.01967579
354562.604318378,4706264.90608201
354578.518489602,4706252.79248823
354594.432660826,4706240.67889445
354610.34683205,4706228.56530067
354626.261003274,4706216.45170689
354642.175174498,4706204.33811311
354658.089345722,4706192.22451933
354674.003516946,4706180.11092555
354689.91768817,4706167.99733177
354705.831859394,4706155.88373799
354721.746030618,4706143.77014421
354737.660201842,4706131.65655043
354753.574373066,4706119.54295666
354769.48854429,4706107.42936288
354785.402715514,4706095.3157691
354801.316886738,4706083.20217532
354817.231057962,4706071.08858154
354833.145229186,4706058.97498776
354849.05940041,4706046.86139398
354864.973571634,4706034.7478002
354880.887742858,4706022.63420642
354896.801914082,4706010.52061264
354912.716085306,4705998.40701886
354928.63025653,4705986.29342508
354944.544427754,4705974.1798313
354960.458598978,4705962.06623752
354976.372770202,4705949.95264374
354992.286941426,4705937.83904996
355008.20111265,4705925.72545618
355024.115283874,4705913.61186241
355040.029455098,4705901.49826863
355055.943626322,4705889.38467485
355071.857797546,4705877.27108107
355087.77196877,4705865.15748729
355103.686139994,4705853.04389351
355119.600311218,4705840.93029973
355135.514482442,4705828.81670595
355151.428653666,4705816.70311217
355167.34282489,4705804.58951839
355183.256996114,4705792.47592461
355199.171167338,4705780.36233083
355215.085338562,4705768.24873705
355230.999509786,4705756.13514327
355246.91368101,4705744.02154949
355262.827852234,4705731.90795571
355278.742023458,4705719.79436193
355294.656194683,4705707.68076815
355310.570365907,4705695.56717438
355326.484537131,4705683.4535806
355342.398708355,4705671.33998682
355358.312879579,4705659.22639304
355374.227050803,4705647.11279926
355390.141222027,4705634.99920548
355406.055393251,4705622.8856117
355421.969564475,4705610.77201792
355437.883735699,4705598.65842414
355453.797906923,4705586.54483036
355469.712078147,4705574.43123658
355485.626249371,4705562.3176428
355501.540420595,4705550.20404902
355517.454591819,4705538.09045524
355533.368763043,4705525.97686146
355549.282934267,4705513.86326768
355565.197105491,4705501.7496739
355581.111276715,4705489.63608013
355597.025447939,4705477.52248635
355612.939619163,4705465.40889257
355628.853790387,4705453.29529879
355644.767961611,4705441.18170501
355660.682132835,4705429.06811123
355676.596304059,4705416.95451745
355692.510475283,4705404.84092367
355708.424646507,4705392.72732989
355724.338817731,4705380.61373611
355740.252988955,4705368.50014233
355756.167160179,4705356.38654855
355772.081331403,4705344.27295477
355787.995502627,4705332.15936099
355803.909673851,4705320.04576721
355819.823845075,4705307.93217343
355835.738016299,4705295.81857965
355851.652187523,4705283.70498587
355867.566358747,4705271.5913921
355883.480529971,4705259.47779832
355899.394701195,4705247.36420454
355915.308872419,4705235.25061076
355931.223043643,4705223.13701698
355947.137214867,4705211.0234232
355963.051386091,4705198.90982942
355978.965557315,4705186.79623564
355994.879728539,4705174.68264186
356010.793899763,4705162.56904808
356026.708070987,4705150.4554543
356042.622242211,4705138.34186052
356058.536413435,4705126.22826674
356074.450584659,4705114.11467296
356090.364755883,4705102.00107918
356106.278927107,4705089.8874854
356122.193098331,4705077.77389163
356138.107269555,4705065.66029785
356154.021440779,4705053.54670407
356169.935612003,4705041.43311029
356185.849783227,4705029.31951651
356201.763954451,4705017.20592273
356217.678125675,4705005.09232895
356233.592296899,4704992.97873517
356249.506468123,4704980.86514139
356265.420639347,4704968.75154761
356281.334810571,4704956.63795383
356297.248981795,4704944.52436005
356313.163153019,4704932.41076627
356329.077324243,4704920.29717249
356344.991495467,4704908.18357871
356360.905666691,4704896.06998493
356376.819837915,4704883.95639115
356392.734009139,4704871.84279737
356408.648180363,4704859.72920359
356424.562351587,4704847.61560982
356440.476522811,4704835.50201604
356456.390694035,4704823.38842226
356472.304865259,4704811.27482848
356488.219036483,4704799.1612347
356504.133207707,4704787.04764092
356520.047378931,4704774.93404714
356535.961550155,4704762.82045336
356551.875721379,4704750.70685958
356567.789892603,4704738.5932658
356583.704063827,4704726.47967202
356599.618235051,4704714.36607824
356615.532406275,4704702.25248446
356631.446577499,4704690.13889068
356647.360748723,4704678.0252969
356663.274919947,4704665.91170312
356679.189091171,4704653.79810934
356695.103262395,4704641.68451556
356711.017433619,4704629.57092179
356726.931604843,4704617.45732801
356742.845776067,4704605.34373423
356758.759947291,4704593.23014045
356774.674118515,4704581.11654667
356790.588289739,4704569.00295289
356806.502460963,4704556.88935911
356822.416632187,4704544.77576533
356838.330803411,4704532.66217155
356854.244974635,4704520.54857777
356870.159145859,4704508.43498399
356886.073317083,4704496.32139021
356901.987488307,4704484.20779643
356917.901659531,4704472.09420265
356933.815830755,4704459.98060887
356949.730001979,4704447.86701509
356965.644173203,4704435.75342132
356981.558344427,4704423.63982754
356997.472515651,4704411.52623376
357013.386686875,4704399.41263998
357029.300858099,4704387.2990462
357045.215029323,4704375.18545242
357061.129200547,4704363.07185864
357077.043371771,4704350.95826486
357092.957542995,4704338.84467108
357108.871714219,4704326.7310773
357124.785885443,4704314.61748352
357140.700056667,4704302.50388974
357156.614227891,4704290.39029596
357172.528399115,4704278.27670218
357188.442570339,4704266.1631084
357204.356741563,4704254.04951462
357220.270912787,4704241.93592084
357236.185084011,4704229.82232706
357252.099255235,4704217.70873328
357268.013426459,4704205.59513951
357283.927597683,4704193.48154573
357299.841768907,4704181.36795195
357315.755940131,4704169.25435817
357331.670111355,4704157.14076439
357347.584282579,4704145.02717061
357363.498453803,4704132.91357683
357379.412625027,4704120.79998305
357395.326796251,4704108.68638927
357411.240967475,4704096.57279549
357427.155138699,4704084.45920171
357443.069309923,4704072.34560793
357458.983481147,4704060.23201415
357474.897652371,4704048.11842037
357490.811823595,4704036.00482659
357506.725994819,4704023.89123281
357522.640166043,4704011.77763904
357538.554337267,4703999.66404526
357554.468508491,4703987.55045148
357570.382679715,4703975.4368577
357586.296850939,4703963.32326392
357602.211022163,4703951.20967014
357618.125193387,4703939.09607636
357634.039364611,4703926.98248258
357649.953535835,4703914.8688888
357665.867707059,4703902.75529502
357681.781878283,4703890.64170124
357697.696049507,4703878.52810746
357713.610220731,4703866.41451368
357729.524391955,4703854.3009199
357745.43856318,4703842.18732612
357761.352734404,4703830.07373234
357777.266905628,4703817.96013856
357793.181076852,4703805.84654478
357809.095248076,4703793.73295101
357825.0094193,4703781.61935723
357840.923590524,4703769.50576345
357856.837761748,4703757.39216967
357872.751932972,4703745.27857589
357888.666104196,4703733.16498211
357904.58027542,4703721.05138833
357920.494446644,4703708.93779455
357936.408617868,4703696.82420077
357952.322789092,4703684.71060699
357968.236960316,4703672.59701321
357984.15113154,4703660.48341943
358000.065302764,4703648.36982565
358015.979473988,4703636.25623187
358031.893645212,4703624.14263809
358047.807816436,4703612.02904431
358063.72198766,4703599.91545053
358079.636158884,4703587.80185676
358095.550330108,4703575.68826298
358111.464501332,4703563.5746692
358127.378672556,4703551.46107542
358143.29284378,4703539.34748164
358159.207015004,4703527.23388786
358175.121186228,4703515.12029408
358191.035357452,4703503.0067003
358206.949528676,4703490.89310652
358222.8636999,4703478.77951274
358238.777871124,4703466.66591896
358254.692042348,4703454.55232518
358270.606213572,4703442.4387314
358286.520384796,4703430.32513762
358302.43455602,4703418.21154384
358318.348727244,4703406.09795006
358334.262898468,4703393.98435628
358350.177069692,4703381.8707625
358366.091240916,4703369.75716873
358382.00541214,4703357.64357495
358397.919583364,4703345.52998117
358413.833754588,4703333.41638739
358429.747925812,4703321.30279361
358445.662097036,4703309.18919983
358461.57626826,4703297.07560605
358477.490439484,4703284.96201227
358493.404610708,4703272.84841849
358509.318781932,4703260.73482471
358525.232953156,4703248.62123093
358541.14712438,4703236.50763715
358557.061295604,4703224.39404337
358572.975466828,4703212.28044959
358588.889638052,4703200.16685581
358604.803809276,4703188.05326203
358620.7179805,4703175.93966825
358636.632151724,4703163.82607447
358652.546322948,4703151.7124807
358668.460494172,4703139.59888692
358684.374665396,4703127.48529314
358700.28883662,4703115.37169936
358716.203007844,4703103.25810558
358732.117179068,4703091.1445118
358748.031350292,4703079.03091802
358763.945521516,4703066.91732424
358779.85969274,4703054.80373046
358795.773863964,4703042.69013668
358811.688035188,4703030.5765429
358827.602206412,4703018.46294912
358843.516377636,4703006.34935534
358859.43054886,4702994.23576156
358875.344720084,4702982.12216778
358891.258891308,4702970.008574
358907.173062532,4702957.89498022
358923.087233756,4702945.78138645
358939.00140498,4702933.66779267
358954.915576204,4702921.55419889
358970.829747428,4702909.44060511
358986.743918652,4702897.32701133
359002.658089876,4702885.21341755
359018.5722611,4702873.09982377
359034.486432324,4702860.98622999
359050.400603548,4702848.87263621
359066.314774772,4702836.75904243
359082.228945996,4702824.64544865
359098.14311722,4702812.53185487
359114.057288444,4702800.41826109
359129.971459668,4702788.30466731
359145.885630892,4702776.19107353
359161.799802116,4702764.07747975
359177.71397334,4702751.96388597
359193.628144564,4702739.85029219
359209.542315788,4702727.73669842
359225.456487012,4702715.62310464
359241.370658236,4702703.50951086
359257.28482946,4702691.39591708
359273.199000684,4702679.2823233
359289.113171908,4702667.16872952
359305.027343132,4702655.05513574
359320.941514356,4702642.94154196
359336.85568558,4702630.82794818
359352.769856804,4702618.7143544
359368.684028028,4702606.60076062
359384.598199252,4702594.48716684
359400.512370476,4702582.37357306
359416.4265417,4702570.25997928
359432.340712924,4702558.1463855
359448.254884148,4702546.03279172
359464.169055372,4702533.91919794
359480.083226596,4702521.80560417
359495.99739782,4702509.69201039
359511.911569044,4702497.57841661
359527.825740268,4702485.46482283
359543.739911492,4702473.35122905
359559.654082716,4702461.23763527
359575.56825394,4702449.12404149
359591.482425164,4702437.01044771
359607.396596388,4702424.89685393
359623.310767612,4702412.78326015
359639.224938836,4702400.66966637
359655.13911006,4702388.55607259
359671.053281284,4702376.44247881
359686.967452508,4702364.32888503
359702.881623732,4702352.21529125
359718.795794956,4702340.10169747
359734.70996618,4702327.98810369
359750.624137404,4702315.87450991
359766.538308628,4702303.76091614
359782.452479852,4702291.64732236
359798.366651076,4702279.53372858
359814.2808223,4702267.4201348
359830.194993524,4702255.30654102
359846.109164748,4702243.19294724
359862.023335972,4702231.07935346
359877.937507196,4702218.96575968
359893.85167842,4702206.8521659
359909.765849644,4702194.73857212
359925.680020868,4702182.62497834
359941.594192092,4702170.51138456
359957.508363316,4702158.39779078
359973.42253454,4702146.284197
359989.336705764,4702134.17060322
360005.250876988,4702122.05700944
360021.165048212,4702109.94341567
360037.079219436,4702097.82982189
360052.99339066,4702085.71622811
360068.907561884,4702073.60263433
360084.821733108,4702061.48904055
360100.735904332,4702049.37544677
360116.650075556,4702037.26185299
360132.56424678,4702025.14825921
360148.478418004,4702013.03466543
360164.392589228,4702000.92107165
360180.306760453,4701988.80747787
360196.220931677,4701976.69388409
360212.135102901,4701964.58029031
360228.049274125,4701952.46669653
360243.963445348,4701940.35310275
360259.877616573,4701928.23950897
360275.791787797,4701916.12591519
360291.705959021,4701904.01232141
360307.620130245,4701891.89872763
360323.534301469,4701879.78513386
360339.448472693,4701867.67154008
360355.362643917,4701855.5579463
360371.276815141,4701843.44435252
360387.190986365,4701831.33075874
360403.105157589,4701819.21716496
360419.019328813,4701807.10357118
360434.933500037,4701794.9899774
360450.847671261,4701782.87638362
360466.761842485,4701770.76278984
360482.676013709,4701758.64919606
360498.590184933,4701746.53560228
360514.504356157,4701734.4220085
360530.418527381,4701722.30841472
360546.332698605,4701710.19482094
360562.246869829,4701698.08122716
360578.161041053,4701685.96763338
360594.075212277,4701673.8540396
360609.989383501,4701661.74044583
360625.903554725,4701649.62685205
360641.817725949,4701637.51325827
360657.731897173,4701625.39966449
360673.646068397,4701613.28607071
360689.560239621,4701601.17247693
360705.474410845,4701589.05888315
360721.388582069,4701576.94528937
360737.302753293,4701564.83169559
360753.216924517,4701552.71810181
360769.131095741,4701540.60450803
360785.045266965,4701528.49091425
360800.959438189,4701516.37732047
360816.873609413,4701504.26372669
360832.787780637,4701492.15013291
360848.701951861,4701480.03653913
360864.616123085,4701467.92294536
360880.530294309,4701455.80935158
360896.444465533,4701443.6957578
360912.358636757,4701431.58216402
360928.272807981,4701419.46857024
360944.186979205,4701407.35497646
360960.101150429,4701395.24138268
360976.015321653,4701383.1277889
360991.929492877,4701371.01419512
361007.843664101,4701358.90060134
361023.757835325,4701346.78700756
361039.672006549,4701334.67341378
361055.586177773,4701322.55982
361071.500348997,4701310.44622622
361087.414520221,4701298.33263244
361103.328691445,4701286.21903866
361119.242862669,4701274.10544488
361135.157033893,4701261.9918511
361151.071205117,4701249.87825732
361166.985376341,4701237.76466355
361182.899547565,4701225.65106977
361198.813718789,4701213.53747599
361214.727890013,4701201.42388221
361230.642061237,4701189.31028843
361246.556232461,4701177.19669465
361262.470403685,4701165.08310087
361278.384574909,4701152.96950709
361294.298746133,4701140.85591331
361310.212917357,4701128.74231953
361326.127088581,4701116.62872575
361342.041259805,4701104.51513197
361357.955431029,4701092.40153819
361373.869602253,4701080.28794441
361389.783773477,4701068.17435063
361405.697944701,4701056.06075685
361421.612115925,4701043.94716308
361437.526287149,4701031.8335693
361453.440458373,4701019.71997552
361469.354629597,4701007.60638174
361485.268800821,4700995.49278796
361501.182972045,4700983.37919418
361517.097143269,4700971.2656004
361533.011314493,4700959.15200662
361548.925485717,4700947.03841284
361564.839656941,4700934.92481906
361580.753828165,4700922.81122528
361596.667999389,4700910.6976315
361612.582170613,4700898.58403772
361628.496341837,4700886.47044394
361644.410513061,4700874.35685016
361660.324684285,4700862.24325638
361676.238855509,4700850.1296626
361692.153026733,4700838.01606882
361708.067197957,4700825.90247505
361723.981369181,4700813.78888127
361739.895540405,4700801.67528749
361755.809711629,4700789.56169371
361771.723882853,4700777.44809993
361787.638054077,4700765.33450615
361803.552225301,4700753.22091237
361819.466396525,4700741.10731859
361835.380567749,4700728.99372481
361851.294738973,4700716.88013103
361867.208910197,4700704.76653725
361883.123081421,4700692.65294347
361899.037252645,4700680.53934969
361914.951423869,4700668.42575591
361930.865595093,4700656.31216213
361946.779766317,4700644.19856835
361962.693937541,4700632.08497457
361978.608108765,4700619.9713808
361994.522279989,4700607.85778702
362010.436451213,4700595.74419324
362026.350622437,4700583.63059946
362042.264793661,4700571.51700568
362058.178964885,4700559.4034119
362074.093136109,4700547.28981812
362090.007307333,4700535.17622434
362105.921478557,4700523.06263056
362121.835649781,4700510.94903678
362137.749821005,4700498.835443
362153.663992229,4700486.72184922
362169.578163453,4700474.60825544
362185.492334677,4700462.49466166
362201.406505901,4700450.38106788
362217.320677125,4700438.2674741
362233.234848349,4700426.15388032
362249.149019573,4700414.04028654
362265.063190797,4700401.92669277
362280.977362021,4700389.81309899
362296.891533245,4700377.69950521
362312.805704469,4700365.58591143
362328.719875693,4700353.47231765
362344.634046917,4700341.35872387
362360.548218141,4700329.24513009
362376.462389365,4700317.13153631
362392.376560589,4700305.01794253
362408.290731813,4700292.90434875
362424.204903037,4700280.79075497
362440.119074261,4700268.67716119
362456.033245485,4700256.56356741
362471.947416709,4700244.44997363
362487.861587933,4700232.33637985
362503.775759157,4700220.22278607
362519.689930381,4700208.10919229
362535.604101605,4700195.99559851
362551.518272829,4700183.88200474
362567.432444053,4700171.76841096
362583.346615277,4700159.65481718
362599.260786501,4700147.5412234
362615.174957725,4700135.42762962
362631.08912895,4700123.31403584
362647.003300174,4700111.20044206
362662.917471397,4700099.08684828
362678.831642621,4700086.9732545
362694.745813846,4700074.85966072
362710.65998507,4700062.74606694
362726.574156294,4700050.63247316
362742.488327518,4700038.51887938
362758.402498742,4700026.4052856
362774.316669966,4700014.29169182
362790.23084119,4700002.17809804
362806.145012414,4699990.06450426
362822.059183638,4699977.95091049
362837.973354862,4699965.83731671
362853.887526086,4699953.72372293
362869.80169731,4699941.61012915
362885.715868534,4699929.49653537
362901.630039758,4699917.38294159
362917.544210982,4699905.26934781
362933.458382206,4699893.15575403
362949.37255343,4699881.04216025
362965.286724654,4699868.92856647
362981.200895878,4699856.81497269
362997.115067102,4699844.70137891
363013.029238326,4699832.58778513
363028.94340955,4699820.47419135
363044.857580774,4699808.36059757
363060.771751998,4699796.24700379
363076.685923222,4699784.13341001
363092.600094446,4699772.01981623
363108.51426567,4699759.90622246
363124.428436894,4699747.79262868
363140.342608118,4699735.6790349
363156.256779342,4699723.56544112
363172.170950566,4699711.45184734
363188.08512179,4699699.33825356
363203.999293014,4699687.22465978
363219.913464238,4699675.111066
363235.827635462,4699662.99747222
363251.741806686,4699650.88387844
363267.65597791,4699638.77028466
363283.570149134,4699626.65669088
363299.484320358,4699614.5430971
363315.398491582,4699602.42950332
363331.312662806,4699590.31590954
363347.22683403,4699578.20231576
363363.141005254,4699566.08872199
363379.055176478,4699553.97512821
363394.969347702,4699541.86153443
363410.883518926,4699529.74794065
363426.79769015,4699517.63434687
363442.711861374,4699505.52075309
363458.626032598,4699493.40715931
363474.540203822,4699481.29356553
363490.454375046,4699469.17997175
363506.36854627,4699457.06637797
363522.282717494,4699444.95278419
363538.196888718,4699432.83919041
363554.111059942,4699420.72559663
363570.025231166,4699408.61200285
363585.93940239,4699396.49840907
363601.853573614,4699384.38481529
363617.767744838,4699372.27122151
363633.681916062,4699360.15762773
363649.596087286,4699348.04403395
363665.51025851,4699335.93044018
363681.424429734,4699323.8168464
363697.338600958,4699311.70325262
363713.252772182,4699299.58965884
363729.166943406,4699287.47606506
363745.08111463,4699275.36247128
363760.995285854,4699263.2488775
363776.909457078,4699251.13528372
363792.823628302,4699239.02168994
363808.737799526,4699226.90809616
363824.65197075,4699214.79450238
363840.566141974,4699202.6809086
363856.480313198,4699190.56731482
363872.394484422,4699178.45372104
363888.308655646,4699166.34012726
363904.22282687,4699154.22653348
363920.136998094,4699142.11293971
363936.051169318,4699129.99934593
363951.965340542,4699117.88575215
363967.879511766,4699105.77215837
363983.79368299,4699093.65856459
363999.707854214,4699081.54497081
364015.622025438,4699069.43137703
364031.536196662,4699057.31778325
364047.450367886,4699045.20418947
364063.36453911,4699033.09059569
364079.278710334,4699020.97700191
364095.192881558,4699008.86340813
364111.107052782,4698996.74981435
364127.021224006,4698984.63622057
364142.93539523,4698972.52262679
364158.849566454,4698960.40903301
364174.763737678,4698948.29543923
364190.677908902,4698936.18184545
364206.592080126,4698924.06825168
364222.50625135,4698911.9546579
364238.420422574,4698899.84106412
364254.334593798,4698887.72747034
364270.248765022,4698875.61387656
364286.162936246,4698863.50028278
364302.07710747,4698851.386689
364317.991278694,4698839.27309522
364333.905449918,4698827.15950144
364349.819621142,4698815.04590766
364365.733792366,4698802.93231388
364381.64796359,4698790.8187201
364397.562134814,4698778.70512632
364413.476306038,4698766.59153254
364429.390477262,4698754.47793876
364445.304648486,4698742.36434498
364461.21881971,4698730.2507512
364477.132990934,4698718.13715742
364493.047162158,4698706.02356364
364508.961333382,4698693.90996987
364524.875504606,4698681.79637609
364540.78967583,4698669.68278231
364556.703847054,4698657.56918853
364572.618018278,4698645.45559475
364588.532189502,4698633.34200097
364604.446360726,4698621.22840719
364620.36053195,4698609.11481341
364636.274703174,4698597.00121963
364652.188874398,4698584.88762585
364668.103045622,4698572.77403207
364684.017216846,4698560.66043829
364699.93138807,4698548.54684451
364715.845559294,4698536.43325073
364731.759730518,4698524.31965695
364747.673901742,4698512.20606317
364763.588072966,4698500.0924694
364779.50224419,4698487.97887562
364795.416415414,4698475.86528184
364811.330586638,4698463.75168806
364827.244757862,4698451.63809428
364843.158929086,4698439.5245005
364859.07310031,4698427.41090672
364874.987271534,4698415.29731294
364890.901442758,4698403.18371916
364906.815613982,4698391.07012538
364922.729785206,4698378.9565316
364938.64395643,4698366.84293782
364954.558127654,4698354.72934404
364970.472298878,4698342.61575026
364986.386470102,4698330.50215648
365002.300641326,4698318.3885627
365018.21481255,4698306.27496892
365034.128983774,4698294.16137514
365050.043154998,4698282.04778137
365065.957326222,4698269.93418759
365081.871497447,4698257.82059381
365097.78566867,4698245.70700003
365113.699839894,4698233.59340625
365129.614011118,4698221.47981247
365145.528182343,4698209.36621869
365161.442353567,4698197.25262491
365177.356524791,4698185.13903113
365193.270696015,4698173.02543735
365209.184867239,4698160.91184357
365225.099038463,4698148.79824979
365241.013209687,4698136.68465601
365256.927380911,4698124.57106223
365272.841552135,4698112.45746845
365288.755723359,4698100.34387467
365304.669894583,4698088.23028089
365320.584065807,4698076.11668712
365336.498237031,4698064.00309334
365352.412408255,4698051.88949956
365368.326579479,4698039.77590578
365384.240750703,4698027.662312
365400.154921927,4698015.54871822
365416.069093151,4698003.43512444
365431.983264375,4697991.32153066
365447.897435599,4697979.20793688
365463.811606823,4697967.0943431
365479.725778047,4697954.98074932
365495.639949271,4697942.86715554
365511.554120495,4697930.75356176
365527.468291719,4697918.63996798
365543.382462943,4697906.5263742
365559.296634167,4697894.41278042
365575.210805391,4697882.29918664
365591.124976615,4697870.18559286
365607.039147839,4697858.07199909
365622.953319063,4697845.95840531
365638.867490287,4697833.84481153
365654.781661511,4697821.73121775
365670.695832735,4697809.61762397
365686.610003959,4697797.50403019
365702.524175183,4697785.39043641
365718.438346407,4697773.27684263
365734.352517631,4697761.16324885
365750.266688855,4697749.04965507
365766.180860079,4697736.93606129
365782.095031303,4697724.82246751
365798.009202527,4697712.70887373
365813.923373751,4697700.59527995
365829.837544975,4697688.48168617
365845.751716199,4697676.36809239
365861.665887423,4697664.25449861
365877.580058647,4697652.14090484
365893.494229871,4697640.02731106
365909.408401095,4697627.91371728
365925.322572319,4697615.8001235
365941.236743543,4697603.68652972
365957.150914767,4697591.57293594
365973.065085991,4697579.45934216
365988.979257215,4697567.34574838
366004.893428439,4697555.2321546
366020.807599663,4697543.11856082
366036.721770887,4697531.00496704
366052.635942111,4697518.89137326
366068.550113335,4697506.77777948
366084.464284559,4697494.6641857
366100.378455783,4697482.55059192
366116.292627007,4697470.43699814
366132.206798231,4697458.32340436
366148.120969455,4697446.20981058
366164.035140679,4697434.09621681
366179.949311903,4697421.98262303
366195.863483127,4697409.86902925
366211.777654351,4697397.75543547
366227.691825575,4697385.64184169
366243.605996799,4697373.52824791
366259.520168023,4697361.41465413
366275.434339247,4697349.30106035
366291.348510471,4697337.18746657
366307.262681695,4697325.07387279
366323.176852919,4697312.96027901
366339.091024143,4697300.84668523
366355.005195367,4697288.73309145
366370.919366591,4697276.61949767
366386.833537815,4697264.50590389
366402.747709039,4697252.39231011
366418.661880263,4697240.27871633
366434.576051487,4697228.16512255
366450.490222711,4697216.05152878
366466.404393935,4697203.937935
366482.318565159,4697191.82434122
366498.232736383,4697179.71074744
366514.146907607,4697167.59715366
366530.061078831,4697155.48355988
366545.975250055,4697143.3699661
366561.889421279,4697131.25637232
366577.803592503,4697119.14277854
366593.717763727,4697107.02918476
366609.631934951,4697094.91559098
366625.546106175,4697082.8019972
366641.460277399,4697070.68840342
366657.374448623,4697058.57480964
366673.288619847,4697046.46121586
366689.202791071,4697034.34762208
366705.116962295,4697022.2340283
366721.031133519,4697010.12043453
366736.945304743,4696998.00684075
366752.859475967,4696985.89324697
366768.773647191,4696973.77965319
366784.687818415,4696961.66605941
366800.601989639,4696949.55246563
366816.516160863,4696937.43887185
366832.430332087,4696925.32527807
366848.344503311,4696913.21168429
366864.258674535,4696901.09809051
366880.172845759,4696888.98449673
366896.087016983,4696876.87090295
366912.001188207,4696864.75730917
366927.915359431,4696852.64371539
366943.829530655,4696840.53012161
366959.743701879,4696828.41652783
366975.657873103,4696816.30293405
366991.572044327,4696804.18934027
367007.486215551,4696792.0757465
367023.400386775,4696779.96215272
367039.314557999,4696767.84855894
367055.228729223,4696755.73496516
367071.142900447,4696743.62137138
367087.057071671,4696731.5077776
367102.971242895,4696719.39418382
367118.885414119,4696707.28059004
367134.799585343,4696695.16699626
367150.713756567,4696683.05340248
367166.627927791,4696670.9398087
367182.542099015,4696658.82621492
367198.456270239,4696646.71262114
367214.370441463,4696634.59902736
367230.284612687,4696622.48543358
367246.198783911,4696610.3718398
367262.112955135,4696598.25824603
367278.027126359,4696586.14465225
367293.941297583,4696574.03105847
367309.855468807,4696561.91746469
367325.769640031,4696549.80387091
367341.683811255,4696537.69027713
367357.597982479,4696525.57668335
367373.512153703,4696513.46308957
367389.426324927,4696501.34949579
367405.340496151,4696489.23590201
367421.254667375,4696477.12230823
367437.168838599,4696465.00871445
367453.083009823,4696452.89512067
367468.997181047,4696440.78152689
367484.911352271,4696428.66793311
367500.825523495,4696416.55433933
367516.739694719,4696404.44074555
367532.653865943,4696392.32715177
367548.568037167,4696380.21355799
367564.482208391,4696368.09996422
367580.396379615,4696355.98637044
367596.31055084,4696343.87277666
367612.224722064,4696331.75918288
367628.138893288,4696319.6455891
367644.053064512,4696307.53199532
367659.967235736,4696295.41840154
367675.88140696,4696283.30480776
367691.795578184,4696271.19121398
367707.709749408,4696259.0776202
367723.623920632,4696246.96402642
367739.538091856,4696234.85043264
367755.45226308,4696222.73683886
367771.366434304,4696210.62324508
367787.280605528,4696198.5096513
367803.194776752,4696186.39605752
367819.108947976,4696174.28246375
367835.0231192,4696162.16886997
367850.937290424,4696150.05527619
367866.851461648,4696137.94168241
367882.765632872,4696125.82808863
367898.679804096,4696113.71449485
367914.59397532,4696101.60090107
367930.508146544,4696089.48730729
367946.422317768,4696077.37371351
367962.336488992,4696065.26011973
367978.250660216,4696053.14652595
367994.16483144,4696041.03293217
368010.079002664,4696028.91933839
368025.993173888,4696016.80574461
368041.907345112,4696004.69215083
368057.821516336,4695992.57855705
368073.73568756,4695980.46496327
368089.649858784,4695968.35136949
368105.564030008,4695956.23777572
368121.478201232,4695944.12418194
368137.392372456,4695932.01058816
368153.30654368,4695919.89699438
368169.220714904,4695907.7834006
368185.134886128,4695895.66980682
368201.049057352,4695883.55621304
368216.963228576,4695871.44261926
368232.8773998,4695859.32902548
368248.791571024,4695847.2154317
368264.705742248,4695835.10183792
368280.619913472,4695822.98824414
368296.534084696,4695810.87465036
368312.44825592,4695798.76105658
368328.362427144,4695786.6474628
368344.276598368,4695774.53386902
368360.190769592,4695762.42027524
368376.104940816,4695750.30668146
368392.01911204,4695738.19308768
368407.933283264,4695726.07949391
368423.847454488,4695713.96590013
368439.761625712,4695701.85230635
368455.675796936,4695689.73871257
368471.58996816,4695677.62511879
368487.504139384,4695665.51152501
368503.418310608,4695653.39793123
368519.332481832,4695641.28433745
368535.246653056,4695629.17074367
368551.16082428,4695617.05714989
368567.074995504,4695604.94355611
368582.989166728,4695592.82996233
368598.903337952,4695580.71636855
368614.817509176,4695568.60277477
368630.7316804,4695556.48918099
368646.645851624,4695544.37558721
368662.560022848,4695532.26199344
368678.474194072,4695520.14839966
368694.388365296,4695508.03480588
368710.30253652,4695495.9212121
368726.216707744,4695483.80761832
368742.130878968,4695471.69402454
368758.045050192,4695459.58043076
368773.959221416,4695447.46683698
368789.87339264,4695435.3532432
368805.787563864,4695423.23964942
368821.701735088,4695411.12605564
368837.615906312,4695399.01246186
368853.530077536,4695386.89886808
368869.44424876,4695374.7852743
368885.358419984,4695362.67168052
368901.272591208,4695350.55808674
368917.186762432,4695338.44449296
368933.100933656,4695326.33089918
368949.01510488,4695314.21730541
368964.929276104,4695302.10371163
368980.843447328,4695289.99011785
368996.757618552,4695277.87652407
369012.671789776,4695265.76293029
369028.585961,4695253.64933651
369044.500132224,4695241.53574273
369060.414303448,4695229.42214895
369076.328474672,4695217.30855517
369092.242645896,4695205.19496139
369108.15681712,4695193.08136761
369124.070988344,4695180.96777383
369139.985159568,4695168.85418005
369155.899330792,4695156.74058627
369171.813502016,4695144.62699249
369187.72767324,4695132.51339871
369203.641844464,4695120.39980493
369219.556015688,4695108.28621116
369235.470186912,4695096.17261738
369251.384358136,4695084.0590236
369267.29852936,4695071.94542982
369283.212700584,4695059.83183604
369299.126871808,4695047.71824226
369315.041043032,4695035.60464848
369330.955214256,4695023.4910547
369346.86938548,4695011.37746092
369362.783556704,4694999.26386714
369378.697727928,4694987.15027336
369394.611899152,4694975.03667958
369410.526070376,4694962.9230858
369426.4402416,4694950.80949202
369442.354412824,4694938.69589824
369458.268584048,4694926.58230446
369474.182755272,4694914.46871068
369490.096926496,4694902.3551169
369506.01109772,4694890.24152313
369521.925268944,4694878.12792935
369537.839440168,4694866.01433557
369553.753611392,4694853.90074179
369569.667782616,4694841.78714801
369585.58195384,4694829.67355423
369601.496125064,4694817.55996045
369617.410296288,4694805.44636667
369633.324467512,4694793.33277289
369649.238638736,4694781.21917911
369665.15280996,4694769.10558533
369681.066981184,4694756.99199155
369696.981152408,4694744.87839777
369712.895323632,4694732.76480399
369728.809494856,4694720.65121021
369744.72366608,4694708.53761643
369760.637837304,4694696.42402265
369776.552008528,4694684.31042888
369792.466179752,4694672.1968351
369808.380350976,4694660.08324132
369824.2945222,4694647.96964754
369840.208693424,4694635.85605376
369856.122864648,4694623.74245998
369872.037035872,4694611.6288662
369887.951207096,4694599.51527242
369903.86537832,4694587.40167864
369919.779549544,4694575.28808486
369935.693720768,4694563.17449108
369951.607891992,4694551.0608973
369967.522063216,4694538.94730352
369983.43623444,4694526.83370974
369999.350405664,4694514.72011596
370015.264576888,4694502.60652218
370031.178748112,4694490.4929284
370047.092919337,4694478.37933462
370063.007090561,4694466.26574085
370078.921261785,4694454.15214707
370094.835433009,4694442.03855329
370110.749604232,4694429.92495951
370126.663775457,4694417.81136573
370142.577946681,4694405.69777195
370158.492117905,4694393.58417817
370174.406289129,4694381.47058439
370190.320460353,4694369.35699061
370206.234631577,4694357.24339683
370222.148802801,4694345.12980305
370238.062974025,4694333.01620927
370253.977145249,4694320.90261549
370269.891316473,4694308.78902171
370285.805487697,4694296.67542793
370301.719658921,4694284.56183415
370317.633830145,4694272.44824037
370333.548001369,4694260.33464659
370349.462172593,4694248.22105282
370365.376343817,4694236.10745904
370381.290515041,4694223.99386526
370397.204686265,4694211.88027148
370413.118857489,4694199.7666777
370429.033028713,4694187.65308392
370444.947199937,4694175.53949014
370460.861371161,4694163.42589636
370476.775542385,4694151.31230258
370492.689713609,4694139.1987088
370508.603884833,4694127.08511502
370524.518056057,4694114.97152124
370540.432227281,4694102.85792746
370556.346398505,4694090.74433368
370572.260569729,4694078.6307399
370588.174740953,4694066.51714612
370604.088912177,4694054.40355235
370620.003083401,4694042.28995857
370635.917254625,4694030.17636479
370651.831425849,4694018.06277101
370667.745597073,4694005.94917723
370683.659768297,4693993.83558345
370699.573939521,4693981.72198967
370715.488110745,4693969.60839589
370731.402281969,4693957.49480211
370747.316453193,4693945.38120833
370763.230624417,4693933.26761455
370779.144795641,4693921.15402077
370795.058966865,4693909.04042699
370810.973138089,4693896.92683321
370826.887309313,4693884.81323943
370842.801480537,4693872.69964565
370858.715651761,4693860.58605187
370874.629822985,4693848.47245809
370890.543994209,4693836.35886431
370906.458165433,4693824.24527054
370922.372336657,4693812.13167676
370938.286507881,4693800.01808298
370954.200679105,4693787.9044892
370970.114850329,4693775.79089542
370986.029021553,4693763.67730164
371001.943192777,4693751.56370786
371017.857364001,4693739.45011408
371033.771535225,4693727.3365203
371049.685706449,4693715.22292652
371065.599877673,4693703.10933274
371081.514048897,4693690.99573896
371097.428220121,4693678.88214518
371113.342391345,4693666.7685514
371129.256562569,4693654.65495762
371145.170733793,4693642.54136384
371161.084905017,4693630.42777007
371176.999076241,4693618.31417629
371192.913247465,4693606.20058251
371208.827418689,4693594.08698873
371224.741589913,4693581.97339495
371240.655761137,4693569.85980117
371256.569932361,4693557.74620739
371272.484103585,4693545.63261361
371288.398274809,4693533.51901983
371304.312446033,4693521.40542605
371320.226617257,4693509.29183227
371336.140788481,4693497.17823849
371352.054959705,4693485.06464471
371367.969130929,4693472.95105093
371383.883302153,4693460.83745715
371399.797473377,4693448.72386337
371415.711644601,4693436.61026959
371431.625815825,4693424.49667581
371447.539987049,4693412.38308204
371463.454158273,4693400.26948826
371479.368329497,4693388.15589448
371495.282500721,4693376.0423007
371511.196671945,4693363.92870692
371527.110843169,4693351.81511314
371543.025014393,4693339.70151936
371558.939185617,4693327.58792558
371574.853356841,4693315.4743318
371590.767528065,4693303.36073802
371606.681699289,4693291.24714424
371622.595870513,4693279.13355046
371638.510041737,4693267.01995668
371654.424212961,4693254.9063629
371670.338384185,4693242.79276912
371686.252555409,4693230.67917534
371702.166726633,4693218.56558156
371718.080897857,4693206.45198778
371733.995069081,4693194.33839401
371749.909240305,4693182.22480023
371765.823411529,4693170.11120645
371781.737582753,4693157.99761267
371797.651753977,4693145.88401889
371813.565925201,4693133.77042511
371829.480096425,4693121.65683133
371845.394267649,4693109.54323755
371861.308438873,4693097.42964377
371877.222610097,4693085.31604999
371893.136781321,4693073.20245621
371909.050952545,4693061.08886243
371924.965123769,4693048.97526865
371940.879294993,4693036.86167487
371956.793466217,4693024.74808109
371972.707637441,4693012.63448731
371988.621808665,4693000.52089353
372004.535979889,4692988.40729976
372020.450151113,4692976.29370598
372036.364322337,4692964.1801122
372052.278493561,4692952.06651842
372068.192664785,4692939.95292464
372084.106836009,4692927.83933086
372100.021007233,4692915.72573708
372115.935178457,4692903.6121433
372131.849349681,4692891.49854952
372147.763520905,4692879.38495574
372163.677692129,4692867.27136196
372179.591863353,4692855.15776818
372195.506034577,4692843.0441744
372211.420205801,4692830.93058062
372227.334377025,4692818.81698684
372243.248548249,4692806.70339306
372259.162719473,4692794.58979928
372275.076890697,4692782.4762055
372290.991061921,4692770.36261173
372306.905233145,4692758.24901795
372322.819404369,4692746.13542417
372338.733575593,4692734.02183039
372354.647746817,4692721.90823661
372370.561918041,4692709.79464283
372386.476089265,4692697.68104905
372402.390260489,4692685.56745527
372418.304431713,4692673.45386149
372434.218602937,4692661.34026771
372450.132774161,4692649.22667393
372466.046945385,4692637.11308015
372481.96111661,4692624.99948637
372497.875287834,4692612.88589259
372513.789459058,4692600.77229881
372529.703630282,4692588.65870503
372545.617801505,4692576.54511125
372561.53197273,4692564.43151748
372577.446143954,4692552.3179237
372593.360315178,4692540.20432992
372609.274486402,4692528.09073614
372625.188657626,4692515.97714236
372641.10282885,4692503.86354858
372657.017000074,4692491.7499548
372672.931171298,4692479.63636102
372688.845342522,4692467.52276724
372704.759513746,4692455.40917346
372720.67368497,4692443.29557968
372736.587856194,4692431.1819859
372752.502027418,4692419.06839212
372768.416198642,4692406.95479834
372784.330369866,4692394.84120456
372800.24454109,4692382.72761078
372816.158712314,4692370.614017
372832.072883538,4692358.50042322
372847.987054762,4692346.38682945
372863.901225986,4692334.27323567
372879.81539721,4692322.15964189
372895.729568434,4692310.04604811
372911.643739658,4692297.93245433
372927.557910882,4692285.81886055
372943.472082106,4692273.70526677
372959.38625333,4692261.59167299
372975.300424554,4692249.47807921
372991.214595778,4692237.36448543
373007.128767002,4692225.25089165
373023.042938226,4692213.13729787
373038.95710945,4692201.02370409
373054.871280674,4692188.91011031
373070.785451898,4692176.79651653
373086.699623122,4692164.68292275
373102.613794346,4692152.56932897
373118.52796557,4692140.4557352
373134.442136794,4692128.34214142
373150.356308018,4692116.22854764
373166.270479242,4692104.11495386
373182.184650466,4692092.00136008
373198.09882169,4692079.8877663
373214.012992914,4692067.77417252
373229.927164138,4692055.66057874
373245.841335362,4692043.54698496
373261.755506586,4692031.43339118
373277.66967781,4692019.3197974
373293.583849034,4692007.20620362
373309.498020258,4691995.09260984
373325.412191482,4691982.97901606
373341.326362706,4691970.86542228
373357.24053393,4691958.7518285
373373.154705154,4691946.63823472
373389.068876378,4691934.52464094
373404.983047602,4691922.41104717
373420.897218826,4691910.29745339
373436.81139005,4691898.18385961
373452.725561274,4691886.07026583
373468.639732498,4691873.95667205
373484.553903722,4691861.84307827
373500.468074946,4691849.72948449
373516.38224617,4691837.61589071
373532.296417394,4691825.50229693
373548.210588618,4691813.38870315
373564.124759842,4691801.27510937
373580.038931066,4691789.16151559
373595.95310229,4691777.04792181
373611.867273514,4691764.93432803
373627.781444738,4691752.82073425
373643.695615962,4691740.70714047
373659.609787186,4691728.59354669
373675.52395841,4691716.47995292
373691.438129634,4691704.36635914
373707.352300858,4691692.25276536
373723.266472082,4691680.13917158
373739.180643306,4691668.0255778
373755.09481453,4691655.91198402
373771.008985754,4691643.79839024
373786.923156978,4691631.68479646
373802.837328202,4691619.57120268
373818.751499426,4691607.4576089
373834.66567065,4691595.34401512
373850.579841874,4691583.23042134
373866.494013098,4691571.11682756
373882.408184322,4691559.00323378
373898.322355546,4691546.88964
373914.23652677,4691534.77604622
373930.150697994,4691522.66245244
373946.064869218,4691510.54885866
373961.979040442,4691498.43526489
373977.893211666,4691486.32167111
373993.80738289,4691474.20807733
374009.721554114,4691462.09448355
374025.635725338,4691449.98088977
374041.549896562,4691437.86729599
374057.464067786,4691425.75370221
374073.37823901,4691413.64010843
374089.292410234,4691401.52651465
374105.206581458,4691389.41292087
374121.120752682,4691377.29932709
374137.034923906,4691365.18573331
374152.94909513,4691353.07213953
374168.863266354,4691340.95854575
374184.777437578,4691328.84495197
374200.691608802,4691316.73135819
374216.605780026,4691304.61776441
374232.51995125,4691292.50417063
374248.434122474,4691280.39057686
374264.348293698,4691268.27698308
374280.262464922,4691256.1633893
374296.176636146,4691244.04979552
374312.09080737,4691231.93620174
374328.004978594,4691219.82260796
374343.919149818,4691207.70901418
374359.833321042,4691195.5954204
374375.747492266,4691183.48182662
374391.66166349,4691171.36823284
374407.575834714,4691159.25463906
374423.490005938,4691147.14104528
374439.404177162,4691135.0274515
374455.318348386,4691122.91385772
374471.23251961,4691110.80026394
374487.146690834,4691098.68667016
374503.060862058,4691086.57307639
374518.975033282,4691074.45948261
374534.889204506,4691062.34588883
374550.80337573,4691050.23229505
374566.717546954,4691038.11870127
374582.631718178,4691026.00510749
374598.545889402,4691013.89151371
374614.460060626,4691001.77791993
374630.37423185,4690989.66432615
374646.288403074,4690977.55073237
374662.202574298,4690965.43713859
374678.116745522,4690953.32354481
374694.030916746,4690941.20995103
374709.94508797,4690929.09635725
374725.859259194,4690916.98276347
374741.773430418,4690904.86916969
374757.687601642,4690892.75557591
374773.601772866,4690880.64198213
374789.51594409,4690868.52838835
374805.430115314,4690856.41479458
374821.344286538,4690844.3012008
374837.258457762,4690832.18760702
374853.172628986,4690820.07401324
374869.08680021,4690807.96041946
374885.000971434,4690795.84682568
374900.915142658,4690783.7332319
374916.829313882,4690771.61963812
374932.743485107,4690759.50604434
374948.657656331,4690747.39245056
374964.571827554,4690735.27885678
374980.485998778,4690723.165263
374996.400170002,4690711.05166922
375012.314341227,4690698.93807544
375028.228512451,4690686.82448166
375044.142683675,4690674.71088788
375060.056854899,4690662.59729411
375075.971026123,4690650.48370033
375091.885197347,4690638.37010655
375107.799368571,4690626.25651277
375123.713539795,4690614.14291899
375139.627711019,4690602.02932521
375155.541882243,4690589.91573143
375171.456053467,4690577.80213765
375187.370224691,4690565.68854387
375203.284395915,4690553.57495009
375219.198567139,4690541.46135631
375235.112738363,4690529.34776253
375251.026909587,4690517.23416875
375266.941080811,4690505.12057497
375282.855252035,4690493.00698119
375298.769423259,4690480.89338741
375314.683594483,4690468.77979363
375330.597765707,4690456.66619985
375346.511936931,4690444.55260608
375362.426108155,4690432.4390123
375378.340279379,4690420.32541852
375394.254450603,4690408.21182474
375410.168621827,4690396.09823096
375426.082793051,4690383.98463718
375441.996964275,4690371.8710434
375457.911135499,4690359.75744962
375473.825306723,4690347.64385584
375489.739477947,4690335.53026206
375505.653649171,4690323.41666828
375521.567820395,4690311.3030745
375537.481991619,4690299.18948072
375553.396162843,4690287.07588694
375569.310334067,4690274.96229316
375585.224505291,4690262.84869938
375601.138676515,4690250.7351056
375617.052847739,4690238.62151182
375632.967018963,4690226.50791805
375648.881190187,4690214.39432427
375664.795361411,4690202.28073049
375680.709532635,4690190.16713671
375696.623703859,4690178.05354293
375712.537875083,4690165.93994915
375728.452046307,4690153.82635537
375744.366217531,4690141.71276159
375760.280388755,4690129.59916781
375776.194559979,4690117.48557403
375792.108731203,4690105.37198025
375808.022902427,4690093.25838647
375823.937073651,4690081.14479269
375839.851244875,4690069.03119891
375855.765416099,4690056.91760513
375871.679587323,4690044.80401135
375887.593758547,4690032.69041757
375903.507929771,4690020.5768238
375919.422100995,4690008.46323002
375935.336272219,4689996.34963624
375951.250443443,4689984.23604246
375967.164614667,4689972.12244868
375983.078785891,4689960.0088549
375998.992957115,4689947.89526112
376014.907128339,4689935.78166734
376030.821299563,4689923.66807356
376046.735470787,4689911.55447978
376062.649642011,4689899.440886
376078.563813235,4689887.32729222
376094.477984459,4689875.21369844
376110.392155683,4689863.10010466
376126.306326907,4689850.98651088
376142.220498131,4689838.8729171
376158.134669355,4689826.75932332
376174.048840579,4689814.64572954
376189.963011803,4689802.53213577
376205.877183027,4689790.41854199
376221.791354251,4689778.30494821
376237.705525475,4689766.19135443
376253.619696699,4689754.07776065
376269.533867923,4689741.96416687
376285.448039147,4689729.85057309
376301.362210371,4689717.73697931
376317.276381595,4689705.62338553
376333.190552819,4689693.50979175
376349.104724043,4689681.39619797
376365.018895267,4689669.28260419
376380.933066491,4689657.16901041
376396.847237715,4689645.05541663
376412.761408939,4689632.94182285
376428.675580163,4689620.82822907
376444.589751387,4689608.71463529
376460.503922611,4689596.60104152
376476.418093835,4689584.48744774
376492.332265059,4689572.37385396
376508.246436283,4689560.26026018
376524.160607507,4689548.1466664
376540.074778731,4689536.03307262
376555.988949955,4689523.91947884
376571.903121179,4689511.80588506
376587.817292403,4689499.69229128
376603.731463627,4689487.5786975
376619.645634851,4689475.46510372
376635.559806075,4689463.35150994
376651.473977299,4689451.23791616
376667.388148523,4689439.12432238
376683.302319747,4689427.0107286
376699.216490971,4689414.89713482
376715.130662195,4689402.78354104
376731.044833419,4689390.66994726
376746.959004643,4689378.55635349
376762.873175867,4689366.44275971
376778.787347091,4689354.32916593
376794.701518315,4689342.21557215
376810.615689539,4689330.10197837
376826.529860763,4689317.98838459
376842.444031987,4689305.87479081
376858.358203211,4689293.76119703
376874.272374435,4689281.64760325
376890.186545659,4689269.53400947
376906.100716883,4689257.42041569
376922.014888107,4689245.30682191
376937.929059331,4689233.19322813
376953.843230555,4689221.07963435
376969.757401779,4689208.96604057
376985.671573003,4689196.85244679
377001.585744227,4689184.73885302
377017.499915451,4689172.62525924
377033.414086675,4689160.51166546
377049.328257899,4689148.39807168
377065.242429123,4689136.2844779
377081.156600347,4689124.17088412
377097.070771571,4689112.05729034
377112.984942795,4689099.94369656
377128.899114019,4689087.83010278
377144.813285243,4689075.716509
377160.727456467,4689063.60291522
377176.641627691,4689051.48932144
377192.555798915,4689039.37572766
377208.469970139,4689027.26213388
377224.384141363,4689015.1485401
377240.298312587,4689003.03494632
377256.212483811,4688990.92135254
377272.126655035,4688978.80775876
377288.040826259,4688966.69416498
377303.954997483,4688954.58057121
377319.869168707,4688942.46697743
377335.783339931,4688930.35338365
377351.697511155,4688918.23978987
377367.611682379,4688906.12619609
377383.525853604,4688894.01260231
377399.440024827,4688881.89900853
377415.354196051,4688869.78541475
377431.268367275,4688857.67182097
377447.182538499,4688845.55822719
377463.096709724,4688833.44463341
377479.010880948,4688821.33103963
377494.925052172,4688809.21744585
377510.839223396,4688797.10385207
377526.75339462,4688784.99025829
377542.667565844,4688772.87666451
377558.581737068,4688760.76307073
377574.495908292,4688748.64947696
377590.410079516,4688736.53588318
377606.32425074,4688724.4222894
377622.238421964,4688712.30869562
377638.152593188,4688700.19510184
377654.066764412,4688688.08150806
377669.980935636,4688675.96791428
377685.89510686,4688663.8543205
377701.809278084,4688651.74072672
377717.723449308,4688639.62713294
377733.637620532,4688627.51353916
377749.551791756,4688615.39994538
377765.46596298,4688603.2863516
377781.380134204,4688591.17275782
377797.294305428,4688579.05916404
377813.208476652,4688566.94557026
377829.122647876,4688554.83197648
377845.0368191,4688542.71838271
377860.950990324,4688530.60478893
377876.865161548,4688518.49119515
377892.779332772,4688506.37760137
377908.693503996,4688494.26400759
377924.60767522,4688482.15041381
377940.521846444,4688470.03682003
377956.436017668,4688457.92322625
377972.350188892,4688445.80963247
377988.264360116,4688433.69603869
378004.17853134,4688421.58244491
378020.092702564,4688409.46885113
378036.006873788,4688397.35525735
378051.921045012,4688385.24166357
378067.835216236,4688373.12806979
378083.74938746,4688361.01447601
378099.663558684,4688348.90088223
378115.577729908,4688336.78728845
378131.491901132,4688324.67369467
378147.406072356,4688312.5601009
378163.32024358,4688300.44650712
378179.234414804,4688288.33291334
378195.148586028,4688276.21931956
378211.062757252,4688264.10572578
378226.976928476,4688251.992132
378242.8910997,4688239.87853822
378258.805270924,4688227.76494444
378274.719442148,4688215.65135066
378290.633613372,4688203.53775688
378306.547784596,4688191.4241631
378322.46195582,4688179.31056932
378338.376127044,4688167.19697554
378354.290298268,4688155.08338176
378370.204469492,4688142.96978798
378386.118640716,4688130.8561942
378402.03281194,4688118.74260043
378417.946983164,4688106.62900665
378433.861154388,4688094.51541287
378449.775325612,4688082.40181909
378465.689496836,4688070.28822531
378481.60366806,4688058.17463153
378497.517839284,4688046.06103775
378513.432010508,4688033.94744397
378529.346181732,4688021.83385019
378545.260352956,4688009.72025641
378561.17452418,4687997.60666263
378577.088695404,4687985.49306885
378593.002866628,4687973.37947507
378608.917037852,4687961.26588129
378624.831209076,4687949.15228751
378640.7453803,4687937.03869373
378656.659551524,4687924.92509995
378672.573722748,4687912.81150617
378688.487893972,4687900.6979124
378704.402065196,4687888.58431862
378720.31623642,4687876.47072484
378736.230407644,4687864.35713106
378752.144578868,4687852.24353728
378768.058750092,4687840.1299435
378783.972921316,4687828.01634972
378799.88709254,4687815.90275594
378815.801263764,4687803.78916216
378831.715434988,4687791.67556838
378847.629606212,4687779.5619746
378863.543777436,4687767.44838082
378879.45794866,4687755.33478704
378895.372119884,4687743.22119326
378911.286291108,4687731.10759948
378927.200462332,4687718.9940057
378943.114633556,4687706.88041192
378959.02880478,4687694.76681815
378974.942976004,4687682.65322437
378990.857147228,4687670.53963059
379006.771318452,4687658.42603681
379022.685489676,4687646.31244303
379038.5996609,4687634.19884925
379054.513832124,4687622.08525547
379070.428003348,4687609.97166169
379086.342174572,4687597.85806791
379102.256345796,4687585.74447413
379118.17051702,4687573.63088035
379134.084688244,4687561.51728657
379149.998859468,4687549.40369279
379165.913030692,4687537.29009901
379181.827201916,4687525.17650523
379197.74137314,4687513.06291145
379213.655544364,4687500.94931767
379229.569715588,4687488.83572389
379245.483886812,4687476.72213012
379261.398058036,4687464.60853634
379277.31222926,4687452.49494256
379293.226400484,4687440.38134878
379309.140571708,4687428.267755
379325.054742932,4687416.15416122
379340.968914156,4687404.04056744
379356.88308538,4687391.92697366
379372.797256604,4687379.81337988
379388.711427828,4687367.6997861
379404.625599052,4687355.58619232
379420.539770276,4687343.47259854
379436.4539415,4687331.35900476
379452.368112724,4687319.24541098
379468.282283948,4687307.1318172
379484.196455172,4687295.01822342
379500.110626396,4687282.90462964
379516.02479762,4687270.79103586
379531.938968844,4687258.67744209
379547.853140068,4687246.56384831
379563.767311292,4687234.45025453
379579.681482516,4687222.33666075
379595.59565374,4687210.22306697
379611.509824964,4687198.10947319
379627.423996188,4687185.99587941
379643.338167412,4687173.88228563
379659.252338636,4687161.76869185
379675.16650986,4687149.65509807
379691.080681084,4687137.54150429
379706.994852308,4687125.42791051
379722.909023532,4687113.31431673
379738.823194756,4687101.20072295
379754.73736598,4687089.08712917
379770.651537204,4687076.97353539
379786.565708428,4687064.85994161
379802.479879652,4687052.74634784
379818.394050876,4687040.63275406
379834.3082221,4687028.51916028
379850.222393324,4687016.4055665
379866.136564548,4687004.29197272
379882.050735772,4686992.17837894
379897.964906997,4686980.06478516
379913.879078221,4686967.95119138
379929.793249445,4686955.8375976
379945.707420669,4686943.72400382
379961.621591893,4686931.61041004
379977.535763117,4686919.49681626
379993.449934341,4686907.38322248
380009.364105565,4686895.2696287
380025.278276789,4686883.15603492
380041.192448013,4686871.04244114
380057.106619237,4686858.92884736
380073.020790461,4686846.81525358
380088.934961685,4686834.70165981
380104.849132909,4686822.58806603
380120.763304133,4686810.47447225
380136.677475357,4686798.36087847