303854.2998,4634462.2280
303949.8473,4634432.7208
304045.3948,4634403.2136
304140.9423,4634373.7064
304236.4898,4634344.1992
304332.0373,4634314.6920
304427.5848,4634285.1848
304523.1323,4634255.6776
304618.6798,4634226.1704
304714.2273,4634196.6632
304809.7748,4634167.1560
304905.3223,4634137.6488
305000.8698,4634108.1416
305096.4173,4634078.6344
305191.9648,4634049.1272
305287.5123,4634019.6200
305383.0598,4633990.1128
305478.6073,4633960.6056
305574.1548,4633931.0984
305669.7023,4633901.5912
305765.2498,4633872.0840
305860.7974,4633842.5768
305956.3449,4633813.0696
306051.8924,4633783.5624
306147.4399,4633754.0552
306242.9874,4633724.5480
306338.5349,4633695.0408
306434.0824,4633665.5336
306529.6299,4633636.0264
306625.1774,4633606.5192
306720.7249,4633577.0120
306816.2724,4633547.5048
306911.8199,4633517.9976
307007.3674,4633488.4904
307102.9149,4633458.9832
307198.4624,4633429.4760
307294.0099,4633399.9688
307389.5574,4633370.4616
307485.1049,4633340.9544
307580.6524,4633311.4472
307676.1999,4633281.9400
307771.7474,4633252.4328
307867.2949,4633222.9255
307962.8424,4633193.4183
308058.3899,4633163.9111
308153.9374,4633134.4039
308249.4849,4633104.8967
308345.0324,4633075.3895
308440.5799,4633045.8823
308536.1274,4633016.3751
308631.6749,4632986.8679
308727.2224,4632957.3607
308822.7699,4632927.8535
308918.3174,4632898.3463
309013.8649,4632868.8391
309109.4124,4632839.3319
309204.9599,4632809.8247
309300.5074,4632780.3175
309396.0549,4632750.8103
309491.6024,4632721.3031
309587.1499,4632691.7959
309682.6974,4632662.2887
309778.2449,4632632.7815
309873.7924,4632603.2743
309969.3399,4632573.7671
310064.8874,4632544.2599
310160.4349,4632514.7527
310255.9824,4632485.2455
310351.5299,4632455.7383
310447.0774,4632426.2311
310542.6249,4632396.7239
310638.1724,4632367.2167
310733.7199,4632337.7095
310829.2674,4632308.2023
310924.8149,4632278.6951
311020.3624,4632249.1879
311115.9100,4632219.6807
311211.4575,4632190.1735
311307.0050,4632160.6663
311402.5525,4632131.1591
311498.1000,4632101.6519
311593.6475,4632072.1447
311689.1950,4632042.6375
311784.7425,4632013.1303
311880.2900,4631983.6231
311975.8375,4631954.1159
312071.3850,4631924.6087
312166.9325,4631895.1015
312262.4800,4631865.5943
312358.0275,4631836.0871
312453.5750,4631806.5799
312549.1225,4631777.0727
312644.6700,4631747.5655
312740.2175,4631718.0583
312835.7650,4631688.5511
312931.3125,4631659.0439
313026.8600,4631629.5367
313122.4075,4631600.0295
313217.9550,4631570.5223
313313.5025,4631541.0151
313409.0500,4631511.5079
313504.5975,4631482.0007
313600.1450,4631452.4935
313695.6925,4631422.9863
313791.2400,4631393.4791
313886.7875,4631363.9719
313982.3350,4631334.4647
314077.8825,4631304.9575
314173.4300,4631275.4503
314268.9775,4631245.9431
314364.5250,4631216.4359
314460.0725,4631186.9287
314555.6200,4631157.4215
314651.1675,4631127.9143
314746.7150,4631098.4071
314842.2625,4631068.8999
314937.8100,4631039.3927
315033.3575,4631009.8855
315128.9050,4630980.3783
315224.4525,4630950.8711
315320.0000,4630921.3639
315415.5475,4630891.8567
315511.0950,4630862.3495
315606.6425,4630832.8423
315702.1900,4630803.3351
315797.7375,4630773.8279
315893.2850,4630744.3207
315988.8325,4630714.8135
316084.3800,4630685.3063
316179.9275,4630655.7991
316275.4750,4630626.2919
316371.0226,4630596.7847
316466.5701,4630567.2775
316562.1176,4630537.7703
316657.6651,4630508.2631
316753.2126,4630478.7559
316848.7601,4630449.2487
316944.3076,4630419.7415
317039.8551,4630390.2343
317135.4026,4630360.7271
317230.9501,4630331.2199
317326.4976,4630301.7127
317422.0451,4630272.2055
317517.5926,4630242.6983
317613.1401,4630213.1911
317708.6876,4630183.6839
317804.2351,4630154.1767
317899.7826,4630124.6695
317995.3301,4630095.1623
318090.8776,4630065.6551
318186.4251,4630036.1479
318281.9726,4630006.6407
318377.5201,4629977.1335
318473.0676,4629947.6263
318568.6151,4629918.1191
318664.1626,4629888.6119
318759.7101,4629859.1047
318855.2576,4629829.5975
318950.8051,4629800.0903
319046.3526,4629770.5831
319141.9001,4629741.0759
319237.4476,4629711.5687
319332.9951,4629682.0615
319428.5426,4629652.5543
319524.0901,4629623.0471
319619.6376,4629593.5399
319715.1851,4629564.0327
319810.7326,4629534.5255
319906.2801,4629505.0183
320001.8276,4629475.5110
320097.3751,4629446.0038
320192.9226,4629416.4966
320288.4701,4629386.9894
320384.0176,4629357.4822
320479.5651,4629327.9750
320575.1126,4629298.4678
320670.6601,4629268.9606
320766.2076,4629239.4534
320861.7551,4629209.9462
320957.3026,4629180.4390
321052.8501,4629150.9318
321148.3976,4629121.4246
321243.9451,4629091.9174
321339.4926,4629062.4102
321435.0401,4629032.9030
321530.5876,4629003.3958
321626.1351,4628973.8886
321721.6827,4628944.3814
321817.2302,4628914.8742
321912.7777,4628885.3670
322008.3252,4628855.8598
322103.8727,4628826.3526
322199.4202,4628796.8454
322294.9677,4628767.3382
322390.5152,4628737.8310
322486.0627,4628708.3238
322581.6102,4628678.8166
322677.1577,4628649.3094
322772.7052,4628619.8022
322868.2527,4628590.2950
322963.8002,4628560.7878
323059.3477,4628531.2806
323154.8952,4628501.7734
323250.4427,4628472.2662
323345.9902,4628442.7590
323441.5377,4628413.2518
323537.0852,4628383.7446
323632.6327,4628354.2374
323728.1802,4628324.7302
323823.7277,4628295.2230
323919.2752,4628265.7158
324014.8227,4628236.2086
324110.3702,4628206.7014
324205.9177,4628177.1942
324301.4652,4628147.6870
324397.0127,4628118.1798
324492.5602,4628088.6726
324588.1077,4628059.1654
324683.6552,4628029.6582
324779.2027,4628000.1510
324874.7502,4627970.6438
324970.2977,4627941.1366
325065.8452,4627911.6294
325161.3927,4627882.1222
325256.9402,4627852.6150
325352.4877,4627823.1078
325448.0352,4627793.6006
325543.5827,4627764.0934
325639.1302,4627734.5862
325734.6777,4627705.0790
325830.2252,4627675.5718
325925.7727,4627646.0646
326021.3202,4627616.5574
326116.8677,4627587.0502
326212.4152,4627557.5430
326307.9627,4627528.0358
326403.5102,4627498.5286
326499.0577,4627469.0214
326594.6052,4627439.5142
326690.1527,4627410.0070
326785.7002,4627380.4998
326881.2477,4627350.9926
326976.7953,4627321.4854
327072.3428,4627291.9782
327167.8903,4627262.4710
327263.4378,4627232.9638
327358.9853,4627203.4566
327454.5328,4627173.9494
327550.0803,4627144.4422
327645.6278,4627114.9350
327741.1753,4627085.4278
327836.7228,4627055.9206
327932.2703,4627026.4134
328027.8178,4626996.9062
328123.3653,4626967.3990
328218.9128,4626937.8918
328314.4603,4626908.3846
328410.0078,4626878.8774
328505.5553,4626849.3702
328601.1028,4626819.8630
328696.6503,4626790.3558
328792.1978,4626760.8486
328887.7453,4626731.3414
328983.2928,4626701.8342
329078.8403,4626672.3270
329174.3878,4626642.8198
329269.9353,4626613.3126
329365.4828,4626583.8054
329461.0303,4626554.2982
329556.5778,4626524.7910
329652.1253,4626495.2838
329747.6728,4626465.7766
329843.2203,4626436.2694
329938.7678,4626406.7622
330034.3153,4626377.2550
330129.8628,4626347.7478
330225.4103,4626318.2406
330320.9578,4626288.7334
330416.5053,4626259.2262
330512.0528,4626229.7190
330607.6003,4626200.2118
330703.1478,4626170.7046
330798.6953,4626141.1974
330894.2428,4626111.6902
330989.7903,4626082.1830
331085.3378,4626052.6758
331180.8853,4626023.1686
331276.4328,4625993.6614
331371.9803,4625964.1542
331467.5278,4625934.6470
331563.0753,4625905.1398
331658.6228,4625875.6326
331754.1703,4625846.1254
331849.7178,4625816.6182
331945.2653,4625787.1110
332040.8128,4625757.6038
332136.3603,4625728.0965
332231.9079,4625698.5893
332327.4554,4625669.0821
332423.0029,4625639.5749
332518.5504,4625610.0677
332614.0979,4625580.5605
332709.6454,4625551.0533
332805.1929,4625521.5461
332900.7404,4625492.0389
332996.2879,4625462.5317
333091.8354,4625433.0245
333187.3829,4625403.5173
333282.9304,4625374.0101
333378.4779,4625344.5029
333474.0254,4625314.9957
333569.5729,4625285.4885
333665.1204,4625255.9813
333760.6679,4625226.4741
333856.2154,4625196.9669
333951.7629,4625167.4597
334047.3104,4625137.9525
334142.8579,4625108.4453
334238.4054,4625078.9381
334333.9529,4625049.4309
334429.5004,4625019.9237
334525.0479,4624990.4165
334620.5954,4624960.9093
334716.1429,4624931.4021
334811.6904,4624901.8949
334907.2379,4624872.3877
335002.7854,4624842.8805
335098.3329,4624813.3733
335193.8804,4624783.8661
335289.4279,4624754.3589
335384.9754,4624724.8517
335480.5229,4624695.3445
335576.0704,4624665.8373
335671.6179,4624636.3301
335767.1654,4624606.8229
335862.7129,4624577.3157
335958.2604,4624547.8085
336053.8079,4624518.3013
336149.3554,4624488.7941
336244.9029,4624459.2869
336340.4504,4624429.7797
336435.9979,4624400.2725
336531.5454,4624370.7653
336627.0929,4624341.2581
336722.6404,4624311.7509
336818.1879,4624282.2437
336913.7354,4624252.7365
337009.2829,4624223.2293
337104.8304,4624193.7221
337200.3779,4624164.2149
337295.9254,4624134.7077
337391.4729,4624105.2005
337487.0204,4624075.6933
337582.5680,4624046.1861
337678.1155,4624016.6789
337773.6630,4623987.1717
337869.2105,4623957.6645
337964.7580,4623928.1573
338060.3055,4623898.6501
338155.8530,4623869.1429
338251.4005,4623839.6357
338346.9480,4623810.1285
338442.4955,4623780.6213
338538.0430,4623751.1141
338633.5905,4623721.6069
338729.1380,4623692.0997
338824.6855,4623662.5925
338920.2330,4623633.0853
339015.7805,4623603.5781
339111.3280,4623574.0709
339206.8755,4623544.5637
339302.4230,4623515.0565
339397.9705,4623485.5493
339493.5180,4623456.0421
339589.0655,4623426.5349
339684.6130,4623397.0277
339780.1605,4623367.5205
339875.7080,4623338.0133
339971.2555,4623308.5061
340066.8030,4623278.9989
340162.3505,4623249.4917
340257.8980,4623219.9845
340353.4455,4623190.4773
340448.9930,4623160.9701
340544.5405,4623131.4629
340640.0880,4623101.9557
340735.6355,4623072.4485
340831.1830,4623042.9413
340926.7305,4623013.4341
341022.2780,4622983.9269
341117.8255,4622954.4197
341213.3730,4622924.9125
341308.9205,4622895.4053
341404.4680,4622865.8981
341500.0155,4622836.3909
341595.5630,4622806.8837
341691.1105,4622777.3765
341786.6580,4622747.8693
341882.2055,4622718.3621
341977.7530,4622688.8549
342073.3005,4622659.3477
342168.8480,4622629.8405
342264.3955,4622600.3333
342359.9430,4622570.8261
342455.4905,4622541.3189
342551.0380,4622511.8117
342646.5855,4622482.3045
342742.1330,4622452.7973
342837.6806,4622423.2901
342933.2281,4622393.7829
343028.7756,4622364.2757
343124.3231,4622334.7685
343219.8706,4622305.2613
343315.4181,4622275.7541
343410.9656,4622246.2469
343506.5131,4622216.7397
343602.0606,4622187.2325
343697.6081,4622157.7253
343793.1556,4622128.2181
343888.7031,4622098.7109
343984.2506,4622069.2037
344079.7981,4622039.6965
344175.3456,4622010.1892
344270.8931,4621980.6820
344366.4406,4621951.1748
344461.9881,4621921.6676
344557.5356,4621892.1604
344653.0831,4621862.6532
344748.6306,4621833.1460
344844.1781,4621803.6388
344939.7256,4621774.1316
345035.2731,4621744.6244
345130.8206,4621715.1172
345226.3681,4621685.6100
345321.9156,4621656.1028
345417.4631,4621626.5956
345513.0106,4621597.0884
345608.5581,4621567.5812
345704.1056,4621538.0740
345799.6531,4621508.5668
345895.2006,4621479.0596
345990.7481,4621449.5524
346086.2956,4621420.0452
346181.8431,4621390.5380
346277.3906,4621361.0308
346372.9381,4621331.5236
346468.4856,4621302.0164
346564.0331,4621272.5092
346659.5806,4621243.0020
346755.1281,4621213.4948
346850.6756,4621183.9876
346946.2231,4621154.4804
347041.7706,4621124.9732
347137.3181,4621095.4660
347232.8656,4621065.9588
347328.4131,4621036.4516
347423.9606,4621006.9444
347519.5081,4620977.4372
347615.0556,4620947.9300
347710.6031,4620918.4228
347806.1506,4620888.9156
347901.6981,4620859.4084
347997.2456,4620829.9012
348092.7932,4620800.3940
348188.3407,4620770.8868
348283.8882,4620741.3796
348379.4357,4620711.8724
348474.9832,4620682.3652
348570.5307,4620652.8580
348666.0782,4620623.3508
348761.6257,4620593.8436
348857.1732,4620564.3364
348952.7207,4620534.8292
349048.2682,4620505.3220
349143.8157,4620475.8148
349239.3632,4620446.3076
349334.9107,4620416.8004
349430.4582,4620387.2932
349526.0057,4620357.7860
349621.5532,4620328.2788
349717.1007,4620298.7716
349812.6482,4620269.2644
349908.1957,4620239.7572
350003.7432,4620210.2500
350099.2907,4620180.7428
350194.8382,4620151.2356
350290.3857,4620121.7284
350385.9332,4620092.2212
350481.4807,4620062.7140
350577.0282,4620033.2068
350672.5757,4620003.6996
350768.1232,4619974.1924
350863.6707,4619944.6852
350959.2182,4619915.1780
351054.7657,4619885.6708
351150.3132,4619856.1636
351245.8607,4619826.6564
351341.4082,4619797.1492
351436.9557,4619767.6420
351532.5032,4619738.1348
351628.0507,4619708.6276
351723.5982,4619679.1204
351819.1457,4619649.6132
351914.6932,4619620.1060
352010.2407,4619590.5988
352105.7882,4619561.0916
352201.3357,4619531.5844
352296.8832,4619502.0772
352392.4307,4619472.5700
352487.9782,4619443.0628
352583.5257,4619413.5556
352679.0732,4619384.0484
352774.6207,4619354.5412
352870.1682,4619325.0340
352965.7157,4619295.5268
353061.2632,4619266.0196
353156.8107,4619236.5124
353252.3582,4619207.0052
353347.9057,4619177.4980
353443.4533,4619147.9908
353539.0008,4619118.4836
353634.5483,4619088.9764
353730.0958,4619059.4692
353825.6433,4619029.9620
353921.1908,4619000.4548
354016.7383,4618970.9476
354112.2858,4618941.4404
354207.8333,4618911.9332
354303.3808,4618882.4260
354398.9283,4618852.9188
354494.4758,4618823.4116
354590.0233,4618793.9044
354685.5708,4618764.3972
354781.1183,4618734.8900
354876.6658,4618705.3828
354972.2133,4618675.8756
355067.7608,4618646.3684
355163.3083,4618616.8612
355258.8558,4618587.3540
355354.4033,4618557.8468
355449.9508,4618528.3396
355545.4983,4618498.8324
355641.0458,4618469.3252
355736.5933,4618439.8180
355832.1408,4618410.3108
355927.6883,4618380.8036
356023.2358,4618351.2964
356118.7833,4618321.7892
356214.3308,4618292.2820
356309.8783,4618262.7747
356405.4258,4618233.2675
356500.9733,4618203.7603
356596.5208,4618174.2531
356692.0683,4618144.7459
356787.6158,4618115.2387
356883.1633,4618085.7315
356978.7108,4618056.2243
357074.2583,4618026.7171
357169.8058,4617997.2099
357265.3533,4617967.7027
357360.9008,4617938.1955
357456.4483,4617908.6883
357551.9958,4617879.1811
357647.5433,4617849.6739
357743.0908,4617820.1667
357838.6383,4617790.6595
357934.1858,4617761.1523
358029.7333,4617731.6451
358125.2808,4617702.1379
358220.8283,4617672.6307
358316.3758,4617643.1235
358411.9233,4617613.6163
358507.4708,4617584.1091
358603.0183,4617554.6019
358698.5659,4617525.0947
358794.1134,4617495.5875
358889.6609,4617466.0803
358985.2084,4617436.5731
359080.7559,4617407.0659
359176.3034,4617377.5587
359271.8509,4617348.0515
359367.3984,4617318.5443
359462.9459,4617289.0371
359558.4934,4617259.5299
359654.0409,4617230.0227
359749.5884,4617200.5155
359845.1359,4617171.0083
359940.6834,4617141.5011
360036.2309,4617111.9939
360131.7784,4617082.4867
360227.3259,4617052.9795
360322.8734,4617023.4723
360418.4209,4616993.9651
360513.9684,4616964.4579
360609.5159,4616934.9507
360705.0634,4616905.4435
360800.6109,4616875.9363
360896.1584,4616846.4291
360991.7059,4616816.9219
361087.2534,4616787.4147
361182.8009,4616757.9075
361278.3484,4616728.4003
361373.8959,4616698.8931
361469.4434,4616669.3859
361564.9909,4616639.8787
361660.5384,4616610.3715
361756.0859,4616580.8643
361851.6334,4616551.3571
361947.1809,4616521.8499
362042.7284,4616492.3427
362138.2759,4616462.8355
362233.8234,4616433.3283
362329.3709,4616403.8211
362424.9184,4616374.3139
362520.4659,4616344.8067
362616.0134,4616315.2995
362711.5609,4616285.7923
362807.1084,4616256.2851
362902.6559,4616226.7779
362998.2034,4616197.2707
363093.7509,4616167.7635
363189.2984,4616138.2563
363284.8459,4616108.7491
363380.3934,4616079.2419
363475.9409,4616049.7347
363571.4884,4616020.2275
363667.0359,4615990.7203
363762.5834,4615961.2131
363858.1309,4615931.7059
363953.6785,4615902.1987
364049.2260,4615872.6915
364144.7735,4615843.1843
364240.3210,4615813.6771
364335.8685,4615784.1699
364431.4160,4615754.6627
364526.9635,4615725.1555
364622.5110,4615695.6483
364718.0585,4615666.1411
364813.6060,4615636.6339
364909.1535,4615607.1267
365004.7010,4615577.6195
365100.2485,4615548.1123
365195.7960,4615518.6051
365291.3435,4615489.0979
365386.8910,4615459.5907
365482.4385,4615430.0835
365577.9860,4615400.5763
365673.5335,4615371.0691
365769.0810,4615341.5619
365864.6285,4615312.0547
365960.1760,4615282.5475
366055.7235,4615253.0403
366151.2710,4615223.5331
366246.8185,4615194.0259
366342.3660,4615164.5187
366437.9135,4615135.0115
366533.4610,4615105.5043
366629.0085,4615075.9971
366724.5560,4615046.4899
366820.1035,4615016.9827
366915.6510,4614987.4755
367011.1985,4614957.9683
367106.7460,4614928.4611
367202.2935,4614898.9539
367297.8410,4614869.4467
367393.3885,4614839.9395
367488.9360,4614810.4323
367584.4835,4614780.9251
367680.0310,4614751.4179
367773.1421,4614777.3014
367865.7297,4614815.0841
367958.3173,4614852.8667
368050.9050,4614890.6494
368143.4926,4614928.4321
368236.0803,4614966.2147
368328.6679,4615003.9974
368421.2555,4615041.7800
368513.8432,4615079.5627
368606.4308,4615117.3453
368699.0184,4615155.1280
368791.6061,4615192.9107
368884.1937,4615230.6933
368976.7814,4615268.4760
369069.3690,4615306.2586
369161.9566,4615344.0413
369254.5443,4615381.8240
369347.1319,4615419.6066
369439.7195,4615457.3893
369532.3072,4615495.1719
369624.8948,4615532.9546
369717.4825,4615570.7372
369810.0701,4615608.5199
369902.6577,4615646.3026
369995.2454,4615684.0852
370087.8330,4615721.8679
370180.4207,4615759.6505
370273.0083,4615797.4332
370365.5959,4615835.2159
370458.1836,4615872.9985
370550.7712,4615910.7812
370643.3588,4615948.5638
370735.9465,4615986.3465
370828.5341,4616024.1291
370921.1218,4616061.9118
371013.7094,4616099.6945
371106.2970,4616137.4771
371198.8847,4616175.2598
371291.4723,4616213.0424
371384.0600,4616250.8251
371476.6476,4616288.6078
371569.2352,4616326.3904
371661.8229,4616364.1731
371754.4105,4616401.9557
371846.9981,4616439.7384
371939.5858,4616477.5210
372032.1734,4616515.3037
372124.7611,4616553.0864
372217.3487,4616590.8690
372309.9363,4616628.6517
372402.5240,4616666.4343
372495.1116,4616704.2170
372587.6992,4616741.9996
372680.2869,4616779.7823
372772.8745,4616817.5650
372865.4622,4616855.3476
372958.0498,4616893.1303
373050.6374,4616930.9129
373143.2251,4616968.6956
373235.8127,4617006.4783
373328.4004,4617044.2609
373420.9880,4617082.0436
373513.5756,4617119.8262
373606.1633,4617157.6089
373698.7509,4617195.3915
373791.3385,4617233.1742
373883.9262,4617270.9569
373976.5138,4617308.7395
374069.1015,4617346.5222
374161.6891,4617384.3048
374254.2767,4617422.0875
374346.8644,4617459.8702
374439.4520,4617497.6528
374532.0396,4617535.4355
374624.6273,4617573.2181
374717.2149,4617611.0008
374809.8026,4617648.7834
374902.3902,4617686.5661
374994.9778,4617724.3488
375087.5655,4617762.1314
375180.1531,4617799.9141
375272.7408,4617837.6967
375365.3284,4617875.4794
375457.9160,4617913.2621
375550.5037,4617951.0447
375643.0913,4617988.8274
375735.6789,4618026.6100
375828.2666,4618064.3927
375920.8542,4618102.1753
376013.4419,4618139.9580
376106.0295,4618177.7407
376198.6171,4618215.5233
376291.2048,4618253.3060
376383.7924,4618291.0886
376476.3800,4618328.8713
376568.9677,4618366.6540
376661.5553,4618404.4366
376754.1430,4618442.2193
376846.7306,4618480.0019
376939.3182,4618517.7846
377031.9059,4618555.5672
377124.4935,4618593.3499
377217.0812,4618631.1326
377309.6688,4618668.9152
377402.2564,4618706.6979
377494.8441,4618744.4805
377587.4317,4618782.2632
377680.0193,4618820.0458
377772.6070,4618857.8285
377865.1946,4618895.6112
377957.7823,4618933.3938
378050.3699,4618971.1765
378142.9575,4619008.9591
378235.5452,4619046.7418
378328.1328,4619084.5245
378420.7205,4619122.3071
378513.3081,4619160.0898
378605.8957,4619197.8724
378698.4834,4619235.6551
378791.0710,4619273.4377
378883.6586,4619311.2204
378976.2463,4619349.0031
379068.8339,4619386.7857
379161.4216,4619424.5684
379254.0092,4619462.3510
379346.5968,4619500.1337
379439.1845,4619537.9164
379531.7721,4619575.6990
379624.3597,4619613.4817
379716.9474,4619651.2643
379809.5350,4619689.0470
379902.1227,4619726.8296
379994.7103,4619764.6123
380087.2979,4619802.3950
380179.8856,4619840.1776
380272.4732,4619877.9603
380365.0609,4619915.7429
380457.6485,4619953.5256
380550.2361,4619991.3083
380642.8238,4620029.0909
380735.4114,4620066.8736
380827.9990,4620104.6562
380920.5867,4620142.4389
381013.1743,4620180.2215
381105.7620,4620218.0042
381198.3496,4620255.7869
381290.9372,4620293.5695
381383.5249,4620331.3522
381476.1125,4620369.1348
381568.7001,4620406.9175
381661.2878,4620444.7001
381753.8754,4620482.4828
381846.4631,4620520.2655
381939.0507,4620558.0481
382031.6383,4620595.8308
382124.2260,4620633.6134
382216.8136,4620671.3961
382309.4013,4620709.1788
382401.9889,4620746.9614
382494.5765,4620784.7441
382587.1642,4620822.5267
382679.7518,4620860.3094
382772.3394,4620898.0920
382864.9271,4620935.8747
382957.5147,4620973.6574
383050.1024,4621011.4400
383142.6900,4621049.2227
383235.2776,4621087.0053
383327.8653,4621124.7880
383420.4529,4621162.5707
383513.0406,4621200.3533
383605.6282,4621238.1360
383698.2158,4621275.9186
383790.8035,4621313.7013
383883.3911,4621351.4839
383975.9787,4621389.2666
384068.5664,4621427.0493
384161.1540,4621464.8319
384253.7417,4621502.6146
384346.3293,4621540.3972
384438.9169,4621578.1799
384531.5046,4621615.9626
384624.0922,4621653.7452
384716.6798,4621691.5279
384809.2675,4621729.3105
384901.8551,4621767.0932
384994.4428,4621804.8758
385087.0304,4621842.6585
385179.6180,4621880.4412
385272.2057,4621918.2238
385364.7933,4621956.0065
385457.3810,4621993.7891
385549.9686,4622031.5718
385642.5562,4622069.3544
385735.1439,4622107.1371
385827.7315,4622144.9198
385920.3191,4622182.7024
386012.9068,4622220.4851
386105.4944,4622258.2677
386198.0821,4622296.0504
386290.6697,4622333.8331
386383.2573,4622371.6157
386475.8450,4622409.3984
386568.4326,4622447.1810
386661.0202,4622484.9637
386753.6079,4622522.7463
386846.1955,4622560.5290
386938.7832,4622598.3117
387031.3708,4622636.0943
387123.9584,4622673.8770
387216.5461,4622711.6596
387309.1337,4622749.4423
387401.7214,4622787.2250
387494.3090,4622825.0076
387586.8966,4622862.7903
387679.4843,4622900.5729
387772.0719,4622938.3556
387864.6595,4622976.1382
387957.2472,4623013.9209
388049.8348,4623051.7036
388142.4225,4623089.4862
388235.0101,4623127.2689
388327.5977,4623165.0515
388420.1854,4623202.8342
388512.7730,4623240.6169
388605.3607,4623278.3995
388697.9483,4623316.1822
388790.5359,4623353.9648
388883.1236,4623391.7475
388975.7112,4623429.5301
389068.2988,4623467.3128
389160.8865,4623505.0955
389253.4741,4623542.8781
389346.0618,4623580.6608
389438.6494,4623618.4434
389531.2370,4623656.2261
389623.8247,4623694.0087
389716.4123,4623731.7914
389808.9999,4623769.5741
389901.5876,4623807.3567
389994.1752,4623845.1394
390086.7629,4623882.9220
390179.3505,4623920.7047
390271.9381,4623958.4874
390364.5258,4623996.2700
390457.1134,4624034.0527
390549.7011,4624071.8353
390642.2887,4624109.6180
390734.8763,4624147.4006
390827.4640,4624185.1833
390920.0516,4624222.9660
391012.6392,4624260.7486
391105.2269,4624298.5313
391197.8145,4624336.3139
391290.4022,4624374.0966
391382.9898,4624411.8793
391475.5774,4624449.6619
391568.1651,4624487.4446
391660.7527,4624525.2272
391753.3403,4624563.0099
391845.9280,4624600.7925
391938.5156,4624638.5752
392031.1033,4624676.3579
392123.6909,4624714.1405
392216.2785,4624751.9232
392308.8662,4624789.7058
392401.4538,4624827.4885
392494.0415,4624865.2712
392586.6291,4624903.0538
392679.2167,4624940.8365
392771.8044,4624978.6191
392864.3920,4625016.4018
392956.9796,4625054.1844
393049.5673,4625091.9671
393142.1549,4625129.7498
393234.7426,4625167.5324
393327.3302,4625205.3151
393419.9178,4625243.0977
393512.5055,4625280.8804
393605.0931,4625318.6630
393697.6808,4625356.4457
393790.2684,4625394.2284
393882.8560,4625432.0110
393975.4437,4625469.7937
394068.0313,4625507.5763
394160.6189,4625545.3590
394253.2066,4625583.1417
394345.7942,4625620.9243
394438.3819,4625658.7070
394530.9695,4625696.4896
394623.5571,4625734.2723
394716.1448,4625772.0549
394808.7324,4625809.8376
394901.3200,4625847.6203
394993.9077,4625885.4029
395086.4953,4625923.1856
395179.0830,4625960.9682
395271.6706,4625998.7509
395364.2582,4626036.5336
395456.8459,4626074.3162
395549.4335,4626112.0989
395642.0212,4626149.8815
395734.6088,4626187.6642
395827.1964,4626225.4468
395919.7841,4626263.2295
396012.3717,4626301.0122
396104.9593,4626338.7948
396197.5470,4626376.5775
396290.1346,4626414.3601
396382.7223,4626452.1428
396475.3099,4626489.9255
396567.8975,4626527.7081
396660.4852,4626565.4908
396753.0728,4626603.2734
396845.6604,4626641.0561
396938.2481,4626678.8387
397030.8357,4626716.6214
397123.4234,4626754.4041
397216.0110,4626792.1867
397308.5986,4626829.9694
397401.1863,4626867.7520
397493.7739,4626905.5347
397586.3616,4626943.3173
397678.9492,4626981.1000
397771.5368,4627018.8827
397864.1245,4627056.6653
397956.7121,4627094.4480
398049.2997,4627132.2306
398141.8874,4627170.0133
398234.4750,4627207.7960
398327.0627,4627245.5786
398419.6503,4627283.3613
398512.2379,4627321.1439
398604.8256,4627358.9266
398697.4132,4627396.7092
398790.0009,4627434.4919
398882.5885,4627472.2746
398975.1761,4627510.0572
399067.7638,4627547.8399
399160.3514,4627585.6225
399252.9390,4627623.4052
399345.5267,4627661.1879
399438.1143,4627698.9705
399530.7020,4627736.7532
399623.2896,4627774.5358
399715.8772,4627812.3185
399808.4649,4627850.1011
399901.0525,4627887.8838
399993.6401,4627925.6665
400086.2278,4627963.4491
400178.8154,4628001.2318
400271.4031,4628039.0144
400363.9907,4628076.7971
400456.5783,4628114.5798
400549.1660,4628152.3624
400641.7536,4628190.1451
400734.3413,4628227.9277
400826.9289,4628265.7104
400919.5165,4628303.4930
401012.1042,4628341.2757
401104.6918,4628379.0584
401197.2794,4628416.8410
401289.8671,4628454.6237
401382.4547,4628492.4063
401475.0424,4628530.1890
401567.6300,4628567.9716
401660.2176,4628605.7543
401752.8053,4628643.5370
401845.3929,4628681.3196
401937.9805,4628719.1023
402030.5682,4628756.8849
402123.1558,4628794.6676
402215.7435,4628832.4503
402308.3311,4628870.2329
402400.9187,4628908.0156
402493.5064,4628945.7982
402586.0940,4628983.5809
402678.6817,4629021.3635
402771.2693,4629059.1462
402863.8569,4629096.9289
402956.4446,4629134.7115
403049.0322,4629172.4942
403141.6198,4629210.2768
403234.2075,4629248.0595
403326.7951,4629285.8422
403419.3828,4629323.6248
403511.9704,4629361.4075
403604.5580,4629399.1901
403697.1457,4629436.9728
403789.7333,4629474.7554
403882.3210,4629512.5381
403974.9086,4629550.3208
404067.4962,4629588.1034
404160.0839,4629625.8861
404252.6715,4629663.6687
404345.2591,4629701.4514
404437.8468,4629739.2341
404530.4344,4629777.0167
404623.0221,4629814.7994
404715.6097,4629852.5820
404808.1973,4629890.3647
404900.7850,4629928.1473
404993.3726,4629965.9300
405085.9602,4630003.7127
405178.5479,4630041.4953
405271.1355,4630079.2780
405363.7232,4630117.0606
405456.3108,4630154.8433
405548.8984,4630192.6260
405641.4861,4630230.4086
405734.0737,4630268.1913
405826.6614,4630305.9739
405919.2490,4630343.7566
406011.8366,4630381.5392
406104.4243,4630419.3219
406197.0119,4630457.1046
406289.5995,4630494.8872
406382.1872,4630532.6699
406474.7748,4630570.4525
406567.3625,4630608.2352
406659.9501,4630646.0178
406752.5377,4630683.8005
406845.1254,4630721.5832
406937.7130,4630759.3658
407030.3006,4630797.1485
407122.8883,4630834.9311
407215.4759,4630872.7138
407308.0636,4630910.4965
407400.6512,4630948.2791
407493.2388,4630986.0618
407585.8265,4631023.8444
407678.4141,4631061.6271
407771.0018,4631099.4097
407863.5894,4631137.1924
407956.1770,4631174.9751
408048.7647,4631212.7577
408141.3523,4631250.5404
408233.9399,4631288.3230
408326.5276,4631326.1057
408419.1152,4631363.8884
408511.7029,4631401.6710
408604.2905,4631439.4537
408696.8781,4631477.2363
408789.4658,4631515.0190
408882.0534,4631552.8016
408974.6411,4631590.5843
409067.2287,4631628.3670
409159.8163,4631666.1496
409252.4040,4631703.9323
409344.9916,4631741.7149
409437.5792,4631779.4976
409530.1669,4631817.2803
409622.7545,4631855.0629
409715.3422,4631892.8456
409807.9298,4631930.6282
409900.5174,4631968.4109
409993.1051,4632006.1935
410085.6927,4632043.9762
410178.2803,4632081.7589
410270.8680,4632119.5415
410363.4556,4632157.3242
410456.0433,4632195.1068
410548.6309,4632232.8895
410641.2185,4632270.6721
410733.8062,4632308.4548
410826.3938,4632346.2375
410918.9815,4632384.0201
411011.5691,4632421.8028
411104.1567,4632459.5854
411196.7444,4632497.3681
411289.3320,4632535.1508
411381.9196,4632572.9334
411474.5073,4632610.7161
411567.0949,4632648.4987
411659.6826,4632686.2814
411752.2702,4632724.0640
411844.8578,4632761.8467
411937.4455,4632799.6294
412030.0331,4632837.4120
412122.6207,4632875.1947
412215.2084,4632912.9773
412307.7960,4632950.7600
412400.3837,4632988.5427
412492.9713,4633026.3253
412585.5589,4633064.1080
412678.1466,4633101.8906
412770.7342,4633139.6733
412863.3219,4633177.4559
412955.9095,4633215.2386
413048.4971,4633253.0213
413141.0848,4633290.8039
413233.6724,4633328.5866
413326.2600,4633366.3692
413418.8477,4633404.1519
413511.4353,4633441.9346
413604.0230,4633479.7172
413696.6106,4633517.4999
413789.1982,4633555.2825
413881.7859,4633593.0652
413974.3735,4633630.8478
414066.9612,4633668.6305
414159.5488,4633706.4132
414252.1364,4633744.1958
414344.7241,4633781.9785
414437.3117,4633819.7611
414529.8993,4633857.5438
414622.4870,4633895.3264
414715.0746,4633933.1091
414807.6623,4633970.8918
414900.2499,4634008.6744
414992.8375,4634046.4571
415085.4252,4634084.2397
415178.0128,4634122.0224
415270.6004,4634159.8051
415363.1881,4634197.5877
415455.7757,4634235.3704
415548.3634,4634273.1530
415640.9510,4634310.9357
415733.5386,4634348.7183
415826.1263,4634386.5010
415918.7139,4634424.2837
416011.3016,4634462.0663
416103.8892,4634499.8490
416196.4768,4634537.6316
416289.0645,4634575.4143
416381.6521,4634613.1970
416474.2397,4634650.9796
416566.8274,4634688.7623
416659.4150,4634726.5449
416752.0027,4634764.3276
416844.5903,4634802.1102
416937.1779,4634839.8929
417029.7656,4634877.6756
417122.3532,4634915.4582
417214.9408,4634953.2409
417307.5285,4634991.0235
417400.1161,4635028.8062
417492.7038,4635066.5889
417585.2914,4635104.3715
417677.8790,4635142.1542
417770.4667,4635179.9368
417863.0543,4635217.7195
417955.6420,4635255.5021
418048.2296,4635293.2848
418140.8172,4635331.0675
418233.4049,4635368.8501
418325.9925,4635406.6328
418418.5801,4635444.4154
418511.1678,4635482.1981
418603.7554,4635519.9807
418696.3431,4635557.7634
418788.9307,4635595.5461
418881.5183,4635633.3287
418974.1060,4635671.1114
419066.6936,4635708.8940
419159.2812,4635746.6767
419251.8689,4635784.4594
419344.4565,4635822.2420
419437.0442,4635860.0247
419529.6318,4635897.8073
419622.2194,4635935.5900
419714.8071,4635973.3726
419807.3947,4636011.1553
419899.9824,4636048.9380
419992.5700,4636086.7206
420085.1576,4636124.5033
420177.7453,4636162.2859
420270.3329,4636200.0686
420362.9205,4636237.8513
420455.5082,4636275.6339
420548.0958,4636313.4166
420640.6835,4636351.1992
420733.2711,4636388.9819
420825.8587,4636426.7645
420918.4464,4636464.5472
421011.0340,4636502.3299
421103.6217,4636540.1125
421196.2093,4636577.8952
421288.7969,4636615.6778
421381.3846,4636653.4605
421473.9722,4636691.2432
421566.5598,4636729.0258
421659.1475,4636766.8085
421751.7351,4636804.5911
421844.3228,4636842.3738
421936.9104,4636880.1564
422029.4980,4636917.9391
422122.0857,4636955.7218
422214.6733,4636993.5044
422307.2609,4637031.2871
422399.8486,4637069.0697
422492.4362,4637106.8524
422585.0239,4637144.6350
422677.6115,4637182.4177
422770.1991,4637220.2004
422862.7868,4637257.9830
422955.3744,4637295.7657
423047.9621,4637333.5483
423140.5497,4637371.3310
423233.1373,4637409.1137
423325.7250,4637446.8963
423418.3126,4637484.6790
423510.9002,4637522.4616
423603.4879,4637560.2443
423696.0755,4637598.0269
423788.6632,4637635.8096
423881.2508,4637673.5923
423973.8384,4637711.3749
424066.4261,4637749.1576
424159.0137,4637786.9402
424251.6013,4637824.7229
424344.1890,4637862.5056
424436.7766,4637900.2882
424529.3643,4637938.0709
424621.9519,4637975.8535
424714.5395,4638013.6362
424807.1272,4638051.4188
424899.7148,4638089.2015
424992.3025,4638126.9842
425084.8901,4638164.7668
425177.4777,4638202.5495
425270.0654,4638240.3321
425362.6530,4638278.1148
425455.2406,4638315.8975
425547.8283,4638353.6801
425640.4159,4638391.4628
425733.0036,4638429.2454
425825.5912,4638467.0281
425918.1788,4638504.8107
426010.7665,4638542.5934
426103.3541,4638580.3761
426195.9418,4638618.1587
426288.5294,4638655.9414
426381.1170,4638693.7240
426473.7047,4638731.5067
426566.2923,4638769.2893
426658.8799,4638807.0720
426751.4676,4638844.8547
426844.0552,4638882.6373
426936.6429,4638920.4200
427029.2305,4638958.2026
427121.8181,4638995.9853
427214.4058,4639033.7680
427306.9934,4639071.5506
427399.5810,4639109.3333
427492.1687,4639147.1159
427584.7563,4639184.8986
427677.3440,4639222.6812
427769.9316,4639260.4639
427862.5192,4639298.2466
427955.1069,4639336.0292
428047.6945,4639373.8119
428140.2822,4639411.5945
428232.8698,4639449.3772
428325.4574,4639487.1599
428418.0451,4639524.9425
428510.6327,4639562.7252
428603.2203,4639600.5078
428695.8080,4639638.2905
428788.3956,4639676.0731
428880.9833,4639713.8558
428973.5709,4639751.6385
429066.1585,4639789.4211
429158.7462,4639827.2038
429251.3338,4639864.9864
429343.9214,4639902.7691
429436.5091,4639940.5518
429529.0967,4639978.3344
429621.6844,4640016.1171
429714.2720,4640053.8997
429806.8596,4640091.6824
429899.4473,4640129.4650
429992.0349,4640167.2477
430084.6226,4640205.0304
430177.2102,4640242.8130
430269.7978,4640280.5957
430362.3855,4640318.3783
430454.9731,4640356.1610
430547.5607,4640393.9437
430640.1484,4640431.7263
430732.7360,4640469.5090
430825.3237,4640507.2916
430917.9113,4640545.0743
431010.4989,4640582.8569
431103.0866,4640620.6396
431195.6742,4640658.4223
431288.2619,4640696.2049
431380.8495,4640733.9876
431473.4371,4640771.7702
431566.0248,4640809.5529
431658.6124,4640847.3355
431751.2000,4640885.1182
431843.7877,4640922.9009
431936.3753,4640960.6835
432028.9630,4640998.4662
432121.5506,4641036.2488
432214.1382,4641074.0315
432306.7259,4641111.8142
432399.3135,4641149.5968
432491.9011,4641187.3795
432584.4888,4641225.1621
432677.0764,4641262.9448
432769.6641,4641300.7274
432862.2517,4641338.5101
432954.8393,4641376.2928
433047.4270,4641414.0754
433140.0146,4641451.8581
433232.6023,4641489.6407
433325.1899,4641527.4234
433417.7775,4641565.2061
433510.3652,4641602.9887
433602.9528,4641640.7714
433695.5404,4641678.5540
433788.1281,4641716.3367
433880.7157,4641754.1193
433973.3034,4641791.9020
434065.8910,4641829.6847
434158.4786,4641867.4673
434251.0663,4641905.2500
434343.6539,4641943.0326
434436.2415,4641980.8153
434528.8292,4642018.5980
434621.4168,4642056.3806
434714.0045,4642094.1633
434806.5921,4642131.9459
434899.1797,4642169.7286
434991.7674,4642207.5112
435084.3550,4642245.2939
435176.9427,4642283.0766
435269.5303,4642320.8592
435362.1179,4642358.6419
435454.7056,4642396.4245
435547.2932,4642434.2072
435639.8808,4642471.9898
435732.4685,4642509.7725
435825.0561,4642547.5552
435917.6438,4642585.3378
436010.2314,4642623.1205
436102.8190,4642660.9031
436195.4067,4642698.6858
436287.9943,4642736.4685
436380.5820,4642774.2511
436473.1696,4642812.0338
436565.7572,4642849.8164
436658.3449,4642887.5991
436750.9325,4642925.3817
436843.5201,4642963.1644
436936.1078,4643000.9471
437028.6954,4643038.7297
437121.2831,4643076.5124
437213.8707,4643114.2950
437306.4583,4643152.0777
437399.0460,4643189.8604
437491.6336,4643227.6430
437584.2212,4643265.4257
437676.8089,4643303.2083
437769.3965,4643340.9910
437861.9842,4643378.7736
437954.5718,4643416.5563
438047.1594,4643454.3390
438139.7471,4643492.1216
438232.3347,4643529.9043
438324.9224,4643567.6869
438417.5100,4643605.4696
438510.0976,4643643.2523
438602.6853,4643681.0349
438695.2729,4643718.8176
438787.8605,4643756.6002
438880.4482,4643794.3829
438973.0358,4643832.1655
439065.6235,4643869.9482
439158.2111,4643907.7309
439250.7987,4643945.5135
439343.3864,4643983.2962
439435.9740,4644021.0788
439528.5616,4644058.8615
439621.1493,4644096.6441
439713.7369,4644134.4268
439806.3246,4644172.2095
439898.9122,4644209.9921
439991.4998,4644247.7748
440084.0875,4644285.5574
440176.6751,4644323.3401
440269.2628,4644361.1228
440361.8504,4644398.9054
440454.4380,4644436.6881
440547.0257,4644474.4707
440639.6133,4644512.2534
440732.2009,4644550.0360
440824.7886,4644587.8187
440917.3762,4644625.6014
441009.9639,4644663.3840
441102.5515,4644701.1667
441195.1391,4644738.9493
441287.7268,4644776.7320
441380.3144,4644814.5147
441472.9021,4644852.2973
441565.4897,4644890.0800
441658.0773,4644927.8626
441750.6650,4644965.6453
441843.2526,4645003.4279
441935.8402,4645041.2106
442028.4279,4645078.9933
442121.0155,4645116.7759
442213.6032,4645154.5586
442306.1908,4645192.3412
442398.7784,4645230.1239
442491.3661,4645267.9066
442583.9537,4645305.6892
442676.5413,4645343.4719
442769.1290,4645381.2545
442861.7166,4645419.0372
442954.3043,4645456.8198
443046.8919,4645494.6025
443139.4795,4645532.3852
443232.0672,4645570.1678
443324.6548,4645607.9505
443417.2425,4645645.7331
443509.8301,4645683.5158
443602.4177,4645721.2984
443695.0054,4645759.0811
443787.5930,4645796.8638
443880.1806,4645834.6464
443972.7683,4645872.4291
444065.3559,4645910.2117
444157.9436,4645947.9944
444250.5312,4645985.7771
444343.1188,4646023.5597
444435.7065,4646061.3424
444528.2941,4646099.1250
444620.8817,4646136.9077
444713.4694,4646174.6903
444806.0570,4646212.4730
444898.6447,4646250.2557
444991.2323,4646288.0383
445083.8199,4646325.8210
445176.4076,4646363.6036
445268.9952,4646401.3863
445361.5829,4646439.1690
445454.1705,4646476.9516
445546.7581,4646514.7343
445639.3458,4646552.5169
445731.9334,4646590.2996
445824.5210,4646628.0822
445917.1087,4646665.8649
446009.6963,4646703.6476
446102.2840,4646741.4302
446194.8716,4646779.2129
446287.4592,4646816.9955
446380.0469,4646854.7782
446472.6345,4646892.5609
446565.2222,4646930.3435
446657.8098,4646968.1262
446750.3974,4647005.9088
446842.9851,4647043.6915
446935.5727,4647081.4741
447028.1603,4647119.2568
447120.7480,4647157.0395
447213.3356,4647194.8221
447305.9233,4647232.6048
447398.5109,4647270.3874
447491.0985,4647308.1701
447583.6862,4647345.9527
447676.2738,4647383.7354
447768.8614,4647421.5181
447861.4491,4647459.3007
447954.0367,4647497.0834
448046.6244,4647534.8660
448139.2120,4647572.6487
448231.7996,4647610.4314
448324.3873,4647648.2140
448416.9749,4647685.9967
448509.5626,4647723.7793
448602.1502,4647761.5620
448694.7378,4647799.3446
448787.3255,4647837.1273
448879.9131,4647874.9100
448972.5007,4647912.6926
449065.0884,4647950.4753
449157.6760,4647988.2579
449250.2637,4648026.0406
449342.8513,4648063.8233
449435.4389,4648101.6059
449528.0266,4648139.3886
449620.6142,4648177.1712
449713.2018,4648214.9539
449805.7895,4648252.7365
449898.3771,4648290.5192
449990.9648,4648328.3019
450083.5524,4648366.0845
450176.1400,4648403.8672
450268.7277,4648441.6498
450361.3153,4648479.4325
450453.9030,4648517.2152
450546.4906,4648554.9978
450639.0782,4648592.7805
450731.6659,4648630.5631
450824.2535,4648668.3458
450916.8411,4648706.1284
451009.4288,4648743.9111
451102.0164,4648781.6938
451194.6041,4648819.4764
451287.1917,4648857.2591
451379.7793,4648895.0417
451472.3670,4648932.8244
451564.9546,4648970.6070
451657.5423,4649008.3897
451750.1299,4649046.1724
451842.7175,4649083.9550
451935.3052,4649121.7377
452027.8928,4649159.5203
452120.4804,4649197.3030
452213.0681,4649235.0857
452305.6557,4649272.8683
452398.2434,4649310.6510
452490.8310,4649348.4336
452583.4186,4649386.2163
452676.0063,4649423.9989
452768.5939,4649461.7816
452861.1815,4649499.5643
452953.7692,4649537.3469
453046.3568,4649575.1296
453138.9445,4649612.9122
453231.5321,4649650.6949
453324.1197,4649688.4776
453416.7074,4649726.2602
453509.2950,4649764.0429
453601.8827,4649801.8255
453694.4703,4649839.6082
453787.0579,4649877.3908
453879.6456,4649915.1735
453972.2332,4649952.9562
454064.8208,4649990.7388
454157.4085,4650028.5215
454249.9961,4650066.3041
454342.5838,4650104.0868
454435.1714,4650141.8695
454527.7590,4650179.6521
454620.3467,4650217.4348
454712.9343,4650255.2174
454805.5219,4650293.0001
454898.1096,4650330.7827
454990.6972,4650368.5654
455083.2849,4650406.3481
455175.8725,4650444.1307
455268.4601,4650481.9134
455361.0478,4650519.6960
455453.6354,4650557.4787
455546.2231,4650595.2613
455638.8107,4650633.0440
455731.3983,4650670.8267
455823.9860,4650708.6093
455916.5736,4650746.3920
456009.1612,4650784.1746
456101.7489,4650821.9573
456194.3365,4650859.7400
456286.9242,4650897.5226
456379.5118,4650935.3053
456472.0994,4650973.0879
456564.6871,4651010.8706
456657.2747,4651048.6532
456749.8624,4651086.4359
456842.4500,4651124.2186
456935.0376,4651162.0012
457027.6253,4651199.7839
457120.2129,4651237.5665
457212.8005,4651275.3492
457305.3882,4651313.1319
457397.9758,4651350.9145
457490.5635,4651388.6972
457583.1511,4651426.4798
457675.7387,4651464.2625
457768.3264,4651502.0451
457860.9140,4651539.8278
457953.5016,4651577.6105
458046.0893,4651615.3931
458138.6769,4651653.1758
458231.2646,4651690.9584
458323.8522,4651728.7411
458416.4398,4651766.5238
458509.0275,4651804.3064
458601.6151,4651842.0891
458694.2028,4651879.8717
458786.7904,4651917.6544
458879.3780,4651955.4370
458971.9657,4651993.2197
459064.5533,4652031.0024
459157.1409,4652068.7850
459249.7286,4652106.5677
459342.3162,4652144.3503
459434.9039,4652182.1330
459527.4915,4652219.9157
459620.0791,4652257.6983
459712.6668,4652295.4810
459805.2544,4652333.2636
459897.8420,4652371.0463
459990.4297,4652408.8289
460083.0173,4652446.6116
460175.6050,4652484.3943
460268.1926,4652522.1769
460360.7802,4652559.9596
460453.3679,4652597.7422
460545.9555,4652635.5249
460638.5432,4652673.3075
460731.1308,4652711.0902
460823.7184,4652748.8729
460916.3061,4652786.6555
461008.8937,4652824.4382
461101.4813,4652862.2208
461194.0690,4652900.0035
461286.6566,4652937.7862
461379.2443,4652975.5688
461471.8319,4653013.3515
461564.4195,4653051.1341
461657.0072,4653088.9168
461749.5948,4653126.6994
461842.1824,4653164.4821
461934.7701,4653202.2648
462027.3577,4653240.0474
462119.9454,4653277.8301
462212.5330,4653315.6127
462305.1206,4653353.3954
462397.7083,4653391.1781
462490.2959,4653428.9607
462582.8836,4653466.7434
462675.4712,4653504.5260
462768.0588,4653542.3087
462860.6465,4653580.0913
462953.2341,4653617.8740
463045.8217,4653655.6567
463138.4094,4653693.4393
463230.9970,4653731.2220
463323.5847,4653769.0046
463416.1723,4653806.7873
463508.7599,4653844.5700
463601.3476,4653882.3526
463693.9352,4653920.1353
463786.5229,4653957.9179
463879.1105,4653995.7006
463971.6981,4654033.4832
464064.2858,4654071.2659
464156.8734,4654109.0486
464249.4610,4654146.8312
464342.0487,4654184.6139
464434.6363,4654222.3965
464527.2240,4654260.1792
464619.8116,4654297.9618
464712.3992,4654335.7445
464804.9869,4654373.5272
464897.5745,4654411.3098
464990.1621,4654449.0925
465082.7498,4654486.8751
465175.3374,4654524.6578
465267.9251,4654562.4405
465360.5127,4654600.2231
465453.1003,4654638.0058
465545.6880,4654675.7884
465638.2756,4654713.5711
465730.8633,4654751.3537
465823.4509,4654789.1364
465916.0385,4654826.9191
466008.6262,4654864.7017
466101.2138,4654902.4844
466193.8014,4654940.2670
466286.3891,4654978.0497
466378.9767,4655015.8324
466471.5644,4655053.6150
466564.1520,4655091.3977
466656.7396,4655129.1803
466749.3273,4655166.9630
466841.9149,4655204.7456
466934.5025,4655242.5283
467027.0902,4655280.3110
467119.6778,4655318.0936
467212.2655,4655355.8763
467304.8531,4655393.6589
467397.4407,4655431.4416
467490.0284,4655469.2243
467582.6160,4655507.0069
467675.2037,4655544.7896
467767.7913,4655582.5722
467860.3789,4655620.3549
467952.9666,4655658.1375
468045.5542,4655695.9202
468138.1418,4655733.7029
468230.7295,4655771.4855
468323.3171,4655809.2682
468415.9048,4655847.0508
468508.4924,4655884.8335
468601.0800,4655922.6161
468693.6677,4655960.3988
468786.2553,4655998.1815
468878.8430,4656035.9641
468971.4306,4656073.7468
469064.0182,4656111.5294
469156.6059,4656149.3121
469249.1935,4656187.0948
469341.7811,4656224.8774
469434.3688,4656262.6601
469526.9564,4656300.4427
469619.5441,4656338.2254
469712.1317,4656376.0080
469804.7193,4656413.7907
469897.3070,4656451.5734
469989.8946,4656489.3560
470082.4822,4656527.1387
470175.0699,4656564.9213
470267.6575,4656602.7040
470360.2452,4656640.4867
470452.8328,4656678.2693
470545.4204,4656716.0520
470638.0081,4656753.8346
470730.5957,4656791.6173
470823.1834,4656829.3999
470915.7710,4656867.1826
471008.3586,4656904.9653
471100.9463,4656942.7479
471193.5339,4656980.5306
471286.1215,4657018.3132
471378.7092,4657056.0959
471471.2968,4657093.8786
471563.8845,4657131.6612
471656.4721,4657169.4439
471749.0597,4657207.2265
471841.6474,4657245.0092
471934.2350,4657282.7918
472026.8226,4657320.5745
472119.4103,4657358.3572
472211.9979,4657396.1398
472304.5856,4657433.9225
472397.1732,4657471.7051
472489.7608,4657509.4878
472582.3485,4657547.2704
472674.9361,4657585.0531
472767.5238,4657622.8358
472860.1114,4657660.6184
472952.6990,4657698.4011
473045.2867,4657736.1837
473137.8743,4657773.9664
473230.4619,4657811.7491
473323.0496,4657849.5317
473415.6372,4657887.3144
473508.2249,4657925.0970
473600.8125,4657962.8797
473693.4001,4658000.6623
473785.9878,4658038.4450
473878.5754,4658076.2277
473971.1631,4658114.0103
474063.7507,4658151.7930
474156.3383,4658189.5756
474248.9260,4658227.3583
474341.5136,4658265.1410
474434.1012,4658302.9236
474526.6889,4658340.7063
474619.2765,4658378.4889
474711.8642,4658416.2716
474804.4518,4658454.0542
474897.0394,4658491.8369
474989.6271,4658529.6196
475082.2147,4658567.4022
475174.8023,4658605.1849
475267.3900,4658642.9675
475359.9776,4658680.7502
475452.5653,4658718.5329
475545.1529,4658756.3155
475637.7405,4658794.0982
475730.3282,4658831.8808
475822.9158,4658869.6635
475915.5035,4658907.4461
476008.0911,4658945.2288
476100.6787,4658983.0115
476193.2664,4659020.7941
476285.8540,4659058.5768
476378.4416,4659096.3594
476471.0293,4659134.1421
476563.6169,4659171.9247
476656.2046,4659209.7074
476748.7922,4659247.4901
476841.3798,4659285.2727
476933.9675,4659323.0554
477026.5551,4659360.8380
477119.1427,4659398.6207
477211.7304,4659436.4034
477304.3180,4659474.1860
477396.9057,4659511.9687
477489.4933,4659549.7513
477582.0809,4659587.5340
477674.6686,4659625.3166
477767.2562,4659663.0993
477859.8439,4659700.8820
477952.4315,4659738.6646
478045.0191,4659776.4473
478137.6068,4659814.2299
478230.1944,4659852.0126
478322.7820,4659889.7953
478415.3697,4659927.5779
478507.9573,4659965.3606
478600.5450,4660003.1432
478693.1326,4660040.9259
478785.7202,4660078.7085
478878.3079,4660116.4912
478970.8955,4660154.2739
479063.4832,4660192.0565
479156.0708,4660229.8392
479248.6584,4660267.6218
479341.2461,4660305.4045
479433.8337,4660343.1872
479526.4213,4660380.9698
479619.0090,4660418.7525
479711.5966,4660456.5351
479804.1843,4660494.3178
479896.7719,4660532.1004
479989.3595,4660569.8831
480081.9472,4660607.6658
480174.5348,4660645.4484
480267.1224,4660683.2311
480359.7101,4660721.0137
480452.2977,4660758.7964
480544.8854,4660796.5790
480637.4730,4660834.3617
480730.0606,4660872.1444
480822.6483,4660909.9270
480915.2359,4660947.7097
481007.8236,4660985.4923
481100.4112,4661023.2750
481192.9988,4661061.0577
481285.5865,4661098.8403
481378.1741,4661136.6230
481470.7617,4661174.4056
481563.3494,4661212.1883
481655.9370,4661249.9709
481748.5247,4661287.7536
481841.1123,4661325.5363
481933.6999,4661363.3189
482026.2876,4661401.1016
482118.8752,4661438.8842
482211.4628,4661476.6669
482304.0505,4661514.4496
482396.6381,4661552.2322
482489.2258,4661590.0149
482581.8134,4661627.7975
482674.4010,4661665.5802
482766.9887,4661703.3628
482859.5763,4661741.1455
482952.1640,4661778.9282
483044.7516,4661816.7108
483137.3392,4661854.4935
483229.9269,4661892.2761
483322.5145,4661930.0588
483415.1021,4661967.8415
483507.6898,4662005.6241
483600.2774,4662043.4068
483692.8651,4662081.1894
483785.4527,4662118.9721
483878.0403,4662156.7547
483970.6280,4662194.5374
484063.2156,4662232.3201
484155.8033,4662270.1027
484248.3909,4662307.8854
484340.9785,4662345.6680
484433.5662,4662383.4507
484526.1538,4662421.2333
484618.7414,4662459.0160
484711.3291,4662496.7987
484803.9167,4662534.5813
484896.5044,4662572.3640
484989.0920,4662610.1466
485081.6796,4662647.9293
485174.2673,4662685.7120
485266.8549,4662723.4946
485359.4425,4662761.2773
485452.0302,4662799.0599
485544.6178,4662836.8426
485637.2055,4662874.6252
485729.7931,4662912.4079
485822.3807,4662950.1906
485914.9684,4662987.9732
486007.5560,4663025.7559
486100.1437,4663063.5385
486192.7313,4663101.3212
486285.3189,4663139.1039
486377.9066,4663176.8865
486470.4942,4663214.6692
486563.0818,4663252.4518
486655.6695,4663290.2345
486748.2571,4663328.0171
486840.8448,4663365.7998
486933.4324,4663403.5825
487026.0200,4663441.3651
487118.6077,4663479.1478
487211.1953,4663516.9304
487303.7829,4663554.7131
487396.3706,4663592.4958
487488.9582,4663630.2784
487581.5459,4663668.0611
487674.1335,4663705.8437
487766.7211,4663743.6264
487859.3088,4663781.4090
487951.8964,4663819.1917
488044.4841,4663856.9744
488137.0717,4663894.7570
488229.6593,4663932.5397
488322.2470,4663970.3223
488414.8346,4664008.1050
488507.4222,4664045.8877
488600.0099,4664083.6703
488692.5975,4664121.4530
488785.1852,4664159.2356
488877.7728,4664197.0183
488970.3604,4664234.8009
489062.9481,4664272.5836
489155.5357,4664310.3663
489248.1234,4664348.1489
489340.7110,4664385.9316
489433.2986,4664423.7142
489525.8863,4664461.4969
489618.4739,4664499.2795
489711.0615,4664537.0622
489803.6492,4664574.8449
489896.2368,4664612.6275
489988.8245,4664650.4102
490081.4121,4664688.1928
490173.9997,4664725.9755
490266.5874,4664763.7582
490359.1750,4664801.5408
490451.7626,4664839.3235
490544.3503,4664877.1061
490636.9379,4664914.8888
490729.5256,4664952.6714
490822.1132,4664990.4541
490914.7008,4665028.2368
491007.2885,4665066.0194
491099.8761,4665103.8021
491192.4638,4665141.5847
491285.0514,4665179.3674
491377.6390,4665217.1501
491470.2267,4665254.9327
491562.8143,4665292.7154
491655.4019,4665330.4980
491747.9896,4665368.2807
491840.5772,4665406.0633
491933.1649,4665443.8460
492025.7525,4665481.6287
492118.3401,4665519.4113
492210.9278,4665557.1940
492303.5154,4665594.9766
492396.1030,4665632.7593
492488.6907,4665670.5420
492581.2783,4665708.3246
492673.8660,4665746.1073
492766.4536,4665783.8899
492859.0412,4665821.6726
492951.6289,4665859.4552
493044.2165,4665897.2379
493136.8042,4665935.0206
493229.3918,4665972.8032
493321.9794,4666010.5859
493414.5671,4666048.3685
493507.1547,4666086.1512
493599.7423,4666123.9338
493692.3300,4666161.7165
493784.9176,4666199.4992
493877.5053,4666237.2818
493970.0929,4666275.0645
494062.6805,4666312.8471
494155.2682,4666350.6298
494247.8558,4666388.4125
494340.4435,4666426.1951
494433.0311,4666463.9778
494525.6187,4666501.7604
494618.2064,4666539.5431
494710.7940,4666577.3257
494803.3816,4666615.1084
494895.9693,4666652.8911
494988.5569,4666690.6737
495081.1446,4666728.4564
495173.7322,4666766.2390
495266.3198,4666804.0217
495358.9075,4666841.8044
495451.4951,4666879.5870
495544.0827,4666917.3697
495636.6704,4666955.1523
495729.2580,4666992.9350
495821.8457,4667030.7176
495914.4333,4667068.5003
496007.0209,4667106.2830
496099.6086,4667144.0656
496192.1962,4667181.8483
496284.7839,4667219.6309
496377.3715,4667257.4136
496469.9591,4667295.1963
496562.5468,4667332.9789
496655.1344,4667370.7616
496747.7220,4667408.5442
496840.3097,4667446.3269
496932.8973,4667484.1095
497025.4850,4667521.8922
497118.0726,4667559.6749
497210.6602,4667597.4575
497303.2479,4667635.2402
497395.8355,4667673.0228
497488.4231,4667710.8055
497581.0108,4667748.5881
497673.5984,4667786.3708
497766.1861,4667824.1535
497858.7737,4667861.9361
497951.3613,4667899.7188
498043.9490,4667937.5014
498136.5366,4667975.2841
498229.1243,4668013.0668
498321.7119,4668050.8494
498414.2995,4668088.6321
498506.8872,4668126.4147
498599.4748,4668164.1974
498692.0624,4668201.9800
498784.6501,4668239.7627
498877.2377,4668277.5454
498969.8254,4668315.3280
499062.4130,4668353.1107
499155.0006,4668390.8933
499247.5883,4668428.6760
499340.1759,4668466.4587
499432.7636,4668504.2413
499525.3512,4668542.0240
499617.9388,4668579.8066
499710.5265,4668617.5893
499803.1141,4668655.3719
499895.7017,4668693.1546
499988.2894,4668730.9373
500080.8770,4668768.7199
500173.4647,4668806.5026
500266.0523,4668844.2852
500358.6399,4668882.0679
500451.2276,4668919.8506
500543.8152,4668957.6332
500636.4028,4668995.4159
500728.9905,4669033.1985
500821.5781,4669070.9812
500914.1658,4669108.7638
501006.7534,4669146.5465
501099.3410,4669184.3292
501191.9287,4669222.1118
501284.5163,4669259.8945
501377.1040,4669297.6771
501469.6916,4669335.4598
501562.2792,4669373.2424
501654.8669,4669411.0251
501747.4545,4669448.8078
501840.0421,4669486.5904
501932.6298,4669524.3731
502025.2174,4669562.1557
502117.8051,4669599.9384
502210.3927,4669637.7211
502302.9803,4669675.5037
502395.5680,4669713.2864
502488.1556,4669751.0690
502580.7432,4669788.8517
502673.3309,4669826.6343
502765.9185,4669864.4170
502858.5062,4669902.1997
502951.0938,4669939.9823
503043.6814,4669977.7650
503136.2691,4670015.5476
503228.8567,4670053.3303
503321.4444,4670091.1130
503414.0320,4670128.8956
503506.6196,4670166.6783
503599.2073,4670204.4609
503691.7949,4670242.2436
503784.3825,4670280.0262
503876.9702,4670317.8089
503969.5578,4670355.5916
504062.1455,4670393.3742
504154.7331,4670431.1569
504247.3207,4670468.9395
504339.9084,4670506.7222
504432.4960,4670544.5049
504525.0836,4670582.2875
504617.6713,4670620.0702
504710.2589,4670657.8528
504802.8466,4670695.6355
504895.4342,4670733.4181
504988.0218,4670771.2008
505080.6095,4670808.9835
505173.1971,4670846.7661
505265.7848,4670884.5488
505358.3724,4670922.3314
505450.9600,4670960.1141
505543.5477,4670997.8967
505636.1353,4671035.6794
505728.7229,4671073.4621
505821.3106,4671111.2447
505913.8982,4671149.0274
506006.4859,4671186.8100
506099.0735,4671224.5927
506191.6611,4671262.3754
506284.2488,4671300.1580
506376.8364,4671337.9407
506469.4241,4671375.7233
506562.0117,4671413.5060
506654.5993,4671451.2886
506747.1870,4671489.0713
506839.7746,4671526.8540
506932.3622,4671564.6366
507024.9499,4671602.4193
507117.5375,4671640.2019
507210.1252,4671677.9846
507302.7128,4671715.7673
507395.3004,4671753.5499
507487.8881,4671791.3326
507580.4757,4671829.1152
507673.0633,4671866.8979
507765.6510,4671904.6805
507858.2386,4671942.4632
507950.8263,4671980.2459
508043.4139,4672018.0285
508136.0015,4672055.8112
508228.5892,4672093.5938
508321.1768,4672131.3765
508413.7645,4672169.1592
508506.3521,4672206.9418
508598.9397,4672244.7245
508691.5274,4672282.5071
508784.1150,4672320.2898
508876.7026,4672358.0724
508969.2903,4672395.8551
509061.8779,4672433.6378
509154.4656,4672471.4204
509247.0532,4672509.2031
509339.6408,4672546.9857
509432.2285,4672584.7684
509524.8161,4672622.5510
509617.4037,4672660.3337
509709.9914,4672698.1164
509802.5790,4672735.8990
509895.1667,4672773.6817
509987.7543,4672811.4643
510080.3419,4672849.2470
510172.9296,4672887.0297
510265.5172,4672924.8123
510358.1049,4672962.5950
510450.6925,4673000.3776
510543.2801,4673038.1603
510635.8678,4673075.9429
510728.4554,4673113.7256
510821.0430,4673151.5083
510913.6307,4673189.2909
511006.2183,4673227.0736
511098.8060,4673264.8562
511191.3936,4673302.6389
511283.9812,4673340.4216
511376.5689,4673378.2042
511469.1565,4673415.9869
511561.7442,4673453.7695
511654.3318,4673491.5522
511746.9194,4673529.3348
511839.5071,4673567.1175
511932.0947,4673604.9002
512024.6823,4673642.6828
512117.2700,4673680.4655
512209.8576,4673718.2481
512302.4453,4673756.0308
512395.0329,4673793.8135
512487.6205,4673831.5961
512580.2082,4673869.3788
512672.7958,4673907.1614
512765.3834,4673944.9441
512857.9711,4673982.7267
512950.5587,4674020.5094
513043.1464,4674058.2921
513135.7340,4674096.0747
513228.3216,4674133.8574
513320.9093,4674171.6400
513413.4969,4674209.4227
513506.0846,4674247.2053
513598.6722,4674284.9880
513691.2598,4674322.7707
513783.8475,4674360.5533
513876.4351,4674398.3360
513969.0227,4674436.1186
514061.6104,4674473.9013
514154.1980,4674511.6840
514246.7857,4674549.4666
514339.3733,4674587.2493
514431.9609,4674625.0319
514524.5486,4674662.8146
514617.1362,4674700.5972
514709.7238,4674738.3799
514802.3115,4674776.1626
514894.8991,4674813.9452
514987.4868,4674851.7279
515080.0744,4674889.5105
515172.6620,4674927.2932
515265.2497,4674965.0759
515357.8373,4675002.8585
515450.4250,4675040.6412
515543.0126,4675078.4238
515635.6002,4675116.2065
515728.1879,4675153.9891
515820.7755,4675191.7718
515913.3631,4675229.5545
516005.9508,4675267.3371
516098.5384,4675305.1198
516191.1261,4675342.9024
516283.7137,4675380.6851
516376.3013,4675418.4678
516468.8890,4675456.2504
516561.4766,4675494.0331
516654.0643,4675531.8157
516746.6519,4675569.5984
516839.2395,4675607.3810
516931.8272,4675645.1637
517024.4148,4675682.9464
517117.0024,4675720.7290
517209.5901,4675758.5117
517302.1777,4675796.2943
517394.7654,4675834.0770
517487.3530,4675871.8597
517579.9406,4675909.6423
517672.5283,4675947.4250
517765.1159,4675985.2076
517857.7035,4676022.9903
517950.2912,4676060.7729
518042.8788,4676098.5556
518135.4665,4676136.3383
518228.0541,4676174.1209
518320.6417,4676211.9036
518413.2294,4676249.6862
518505.8170,4676287.4689
518598.4047,4676325.2515
518690.9923,4676363.0342
518783.5799,4676400.8169
518876.1676,4676438.5995
518968.7552,4676476.3822
519061.3428,4676514.1648
519153.9305,4676551.9475
519246.5181,4676589.7302
519339.1058,4676627.5128
519431.6934,4676665.2955
519524.2810,4676703.0781
519616.8687,4676740.8608
519709.4563,4676778.6434
519802.0439,4676816.4261
519894.6316,4676854.2088
519987.2192,4676891.9914
520079.8069,4676929.7741
520172.3945,4676967.5567
520264.9821,4677005.3394
520357.5698,4677043.1221
520450.1574,4677080.9047
520542.7451,4677118.6874
520635.3327,4677156.4700
520727.9203,4677194.2527
520820.5080,4677232.0353
520913.0956,4677269.8180
521005.6832,4677307.6007
521098.2709,4677345.3833
521190.8585,4677383.1660
521283.4462,4677420.9486
521376.0338,4677458.7313
521468.6214,4677496.5140
521561.2091,4677534.2966
521653.7967,4677572.0793
521746.3844,4677609.8619
521838.9720,4677647.6446
521931.5596,4677685.4272
522024.1473,4677723.2099
522116.7349,4677760.9926
522209.3225,4677798.7752
522301.9102,4677836.5579
522394.4978,4677874.3405
522487.0855,4677912.1232
522579.6731,4677949.9058
522672.2607,4677987.6885
522764.8484,4678025.4712
522857.4360,4678063.2538
522950.0236,4678101.0365
523042.6113,4678138.8191
523135.1989,4678176.6018
523227.7866,4678214.3845
523320.3742,4678252.1671
523412.9618,4678289.9498
523505.5495,4678327.7324
523598.1371,4678365.5151
523690.7248,4678403.2977
523783.3124,4678441.0804
523875.9000,4678478.8631
523968.4877,4678516.6457
524061.0753,4678554.4284
524153.6629,4678592.2110
524246.2506,4678629.9937
524338.8382,4678667.7764
524431.4259,4678705.5590
524524.0135,4678743.3417
524616.6011,4678781.1243
524709.1888,4678818.9070
524801.7764,4678856.6896
524894.3640,4678894.4723
524986.9517,4678932.2550
525079.5393,4678970.0376
525172.1270,4679007.8203
525264.7146,4679045.6029
525357.3022,4679083.3856
525449.8899,4679121.1683
525542.4775,4679158.9509
525635.0652,4679196.7336
525727.6528,4679234.5162
525820.2404,4679272.2989
525912.8281,4679310.0815
526005.4157,4679347.8642
526098.0033,4679385.6469
526190.5910,4679423.4295
526283.1786,4679461.2122
526375.7663,4679498.9948
526468.3539,4679536.7775
526560.9415,4679574.5601
526653.5292,4679612.3428
526746.1168,4679650.1255
526838.7045,4679687.9081
526931.2921,4679725.6908
527023.8797,4679763.4734
527116.4674,4679801.2561
527209.0550,4679839.0388
527301.6426,4679876.8214
527394.2303,4679914.6041
527486.8179,4679952.3867
527579.4056,4679990.1694
527671.9932,4680027.9520
527764.5808,4680065.7347
527857.1685,4680103.5174
527949.7561,4680141.3000
528042.3437,4680179.0827
528134.9314,4680216.8653
528227.5190,4680254.6480
528320.1067,4680292.4307
528412.6943,4680330.2133
528505.2819,4680367.9960
528597.8696,4680405.7786
528690.4572,4680443.5613
528783.0449,4680481.3439
528875.6325,4680519.1266
528968.2201,4680556.9093
529060.8078,4680594.6919
529153.3954,4680632.4746
529245.9830,4680670.2572
529338.5707,4680708.0399
529431.1583,4680745.8226
529523.7460,4680783.6052
529616.3336,4680821.3879
529708.9212,4680859.1705
529801.5089,4680896.9532
529894.0965,4680934.7358
529986.6841,4680972.5185
530079.2718,4681010.3012
530171.8594,4681048.0838
530264.4471,4681085.8665
530357.0347,4681123.6491
530449.6223,4681161.4318
530542.2100,4681199.2144
530634.7976,4681236.9971
530727.3853,4681274.7798
530819.9729,4681312.5624
530912.5605,4681350.3451
531005.1482,4681388.1277
531097.7358,4681425.9104
531190.3234,4681463.6931
531282.9111,4681501.4757
531375.4987,4681539.2584
531468.0864,4681577.0410
531560.6740,4681614.8237
531653.2616,4681652.6063
531745.8493,4681690.3890
531838.4369,4681728.1717
531931.0246,4681765.9543
532023.6122,4681803.7370
532116.1998,4681841.5196
532208.7875,4681879.3023
532301.3751,4681917.0850
532393.9627,4681954.8676
532486.5504,4681992.6503
532579.1380,4682030.4329
532671.7257,4682068.2156
532764.3133,4682105.9982
532856.9009,4682143.7809
532949.4886,4682181.5636
533042.0762,4682219.3462
533134.6638,4682257.1289
533227.2515,4682294.9115
533319.8391,4682332.6942
533412.4268,4682370.4769
533505.0144,4682408.2595
533597.6020,4682446.0422
533690.1897,4682483.8248
533782.7773,4682521.6075
533875.3650,4682559.3901
533967.9526,4682597.1728
534060.5402,4682634.9555
534153.1279,4682672.7381
534245.7155,4682710.5208
534338.3031,4682748.3034
534430.8908,4682786.0861
534523.4784,4682823.8687
534616.0661,4682861.6514
534708.6537,4682899.4341
534801.2413,4682937.2167
534893.8290,4682974.9994
534986.4166,4683012.7820
535079.0042,4683050.5647
535171.5919,4683088.3474
535264.1795,4683126.1300
535356.7672,4683163.9127
535449.3548,4683201.6953
535541.9424,4683239.4780
535634.5301,4683277.2606
535727.1177,4683315.0433
535819.7054,4683352.8260
535912.2930,4683390.6086
536004.8806,4683428.3913
536097.4683,4683466.1739
536190.0559,4683503.9566
536282.6435,4683541.7393
536375.2312,4683579.5219
536467.8188,4683617.3046
536560.4065,4683655.0872
536652.9941,4683692.8699
536745.5817,4683730.6525
536838.1694,4683768.4352
536930.7570,4683806.2179
537023.3447,4683844.0005
537115.9323,4683881.7832
537208.5199,4683919.5658
537301.1076,4683957.3485
537393.6952,4683995.1312
537486.2828,4684032.9138
537578.8705,4684070.6965
537671.4581,4684108.4791
537764.0458,4684146.2618
537856.6334,4684184.0444
537949.2210,4684221.8271
538041.8087,4684259.6098
538134.3963,4684297.3924
538226.9839,4684335.1751
538319.5716,4684372.9577
538412.1592,4684410.7404
538504.7469,4684448.5230
538597.3345,4684486.3057
538689.9221,4684524.0884
538782.5098,4684561.8710
538875.0974,4684599.6537
538967.6851,4684637.4363
539060.2727,4684675.2190
539152.8603,4684713.0017
539245.4480,4684750.7843
539338.0356,4684788.5670
539430.6232,4684826.3496
539523.2109,4684864.1323
539615.7985,4684901.9149
539708.3862,4684939.6976
539800.9738,4684977.4803
539893.5614,4685015.2629
539986.1491,4685053.0456
540078.7367,4685090.8282
540171.3243,4685128.6109
540263.9120,4685166.3936
540356.4996,4685204.1762
540449.0873,4685241.9589
540541.6749,4685279.7415
540634.2625,4685317.5242
540726.8502,4685355.3068
540819.4378,4685393.0895
540912.0255,4685430.8722
541004.6131,4685468.6548
541097.2007,4685506.4375
541189.7884,4685544.2201
541282.3760,4685582.0028
541374.9636,4685619.7855
541467.5513,4685657.5681
541560.1389,4685695.3508
541652.7266,4685733.1334
541745.3142,4685770.9161
541837.9018,4685808.6987
541930.4895,4685846.4814
542023.0771,4685884.2641
542115.6647,4685922.0467
542208.2524,4685959.8294
542300.8400,4685997.6120
542393.4277,4686035.3947
542486.0153,4686073.1773
542578.6029,4686110.9600
542671.1906,4686148.7427
542763.7782,4686186.5253
542856.3659,4686224.3080
542948.9535,4686262.0906
543041.5411,4686299.8733
543134.1288,4686337.6560
543226.7164,4686375.4386
543319.3040,4686413.2213
543411.8917,4686451.0039
543504.4793,4686488.7866
543597.0670,4686526.5692
543689.6546,4686564.3519
543782.2422,4686602.1346
543874.8299,4686639.9172
543967.4175,4686677.6999
544060.0052,4686715.4825
544152.5928,4686753.2652
544245.1804,4686791.0479
544337.7681,4686828.8305
544430.3557,4686866.6132
544522.9433,4686904.3958
544615.5310,4686942.1785
544708.1186,4686979.9611
544800.7063,4687017.7438
544893.2939,4687055.5265
544985.8815,4687093.3091
545078.4692,4687131.0918
545171.0568,4687168.8744
545263.6444,4687206.6571
545356.2321,4687244.4398
545448.8197,4687282.2224
545541.4074,4687320.0051
545633.9950,4687357.7877
545726.5826,4687395.5704
545819.1703,4687433.3530
545911.7579,4687471.1357
546004.3456,4687508.9184
546096.9332,4687546.7010
546189.5208,4687584.4837
546282.1085,4687622.2663
546374.6961,4687660.0490
546467.2837,4687697.8317
546559.8714,4687735.6143
546652.4590,4687773.3970
546745.0467,4687811.1796
546837.6343,4687848.9623
546930.2219,4687886.7449
547022.8096,4687924.5276
547115.3972,4687962.3103
547207.9848,4688000.0929
547300.5725,4688037.8756
547393.1601,4688075.6582
547485.7478,4688113.4409
547578.3354,4688151.2235
547670.9230,4688189.0062
547763.5107,4688226.7889
547856.0983,4688264.5715
547948.6860,4688302.3542
548041.2736,4688340.1368
548133.8612,4688377.9195
548226.4489,4688415.7022
548319.0365,4688453.4848
548411.6241,4688491.2675
548504.2118,4688529.0501
548596.7994,4688566.8328
548689.3871,4688604.6154
548781.9747,4688642.3981
548874.5623,4688680.1808
548967.1500,4688717.9634
549059.7376,4688755.7461
549152.3253,4688793.5287
549244.9129,4688831.3114
549337.5005,4688869.0941
549430.0882,4688906.8767
549522.6758,4688944.6594
549615.2634,4688982.4420
549707.8511,4689020.2247
549800.4387,4689058.0073
549893.0264,4689095.7900
549985.6140,4689133.5727
550078.2016,4689171.3553
550170.7893,4689209.1380
550263.3769,4689246.9206
550355.9645,4689284.7033
550448.5522,4689322.4860
550541.1398,4689360.2686
550633.7275,4689398.0513
550726.3151,4689435.8339
550818.9027,4689473.6166
550911.4904,4689511.3992
551004.0780,4689549.1819
551096.6657,4689586.9646
551189.2533,4689624.7472
551281.8409,4689662.5299
551374.4286,4689700.3125
551467.0162,4689738.0952
551559.6038,4689775.8778
551652.1915,4689813.6605
551744.7791,4689851.4432
551837.3668,4689889.2258
551929.9544,4689927.0085
552022.5420,4689964.7911
552115.1297,4690002.5738
552207.7173,4690040.3565
552300.3049,4690078.1391
552392.8926,4690115.9218
552485.4802,4690153.7044
552578.0679,4690191.4871
552670.6555,4690229.2697
552763.2431,4690267.0524
552855.8308,4690304.8351
552948.4184,4690342.6177
553041.0061,4690380.4004
553133.5937,4690418.1830
553226.1813,4690455.9657
553318.7690,4690493.7484
553411.3566,4690531.5310
553503.9442,4690569.3137
553596.5319,4690607.0963
553689.1195,4690644.8790
553781.7072,4690682.6616
553874.2948,4690720.4443
553966.8824,4690758.2270
554059.4701,4690796.0096
554152.0577,4690833.7923
554244.6454,4690871.5749
554337.2330,4690909.3576
554429.8206,4690947.1403
554522.4083,4690984.9229
554614.9959,4691022.7056
554707.5835,4691060.4882
554800.1712,4691098.2709
554892.7588,4691136.0535
554985.3465,4691173.8362
555077.9341,4691211.6189
555170.5217,4691249.4015
555263.1094,4691287.1842
555355.6970,4691324.9668
555448.2846,4691362.7495
555540.8723,4691400.5321
555633.4599,4691438.3148
555726.0476,4691476.0975
555818.6352,4691513.8801
555911.2228,4691551.6628
556003.8105,4691589.4454
556096.3981,4691627.2281
556188.9858,4691665.0108
556281.5734,4691702.7934
556374.1610,4691740.5761
556466.7487,4691778.3587
556559.3363,4691816.1414
556651.9239,4691853.9240
556744.5116,4691891.7067
556837.0992,4691929.4894
556929.6869,4691967.2720
557022.2745,4692005.0547
557114.8621,4692042.8373
557207.4498,4692080.6200
557300.0374,4692118.4027
557392.6250,4692156.1853
557485.2127,4692193.9680
557577.8003,4692231.7506
557670.3880,4692269.5333
557762.9756,4692307.3159
557855.5632,4692345.0986
557948.1509,4692382.8813
558040.7385,4692420.6639
558133.3262,4692458.4466
558225.9138,4692496.2292
558318.5014,4692534.0119
558411.0891,4692571.7946
558503.6767,4692609.5772
558596.2643,4692647.3599
558688.8520,4692685.1425
558781.4396,4692722.9252
558874.0273,4692760.7078
558966.6149,4692798.4905
559059.2025,4692836.2732
559151.7902,4692874.0558
559244.3778,4692911.8385
559336.9655,4692949.6211
559429.5531,4692987.4038
559522.1407,4693025.1864
559614.7284,4693062.9691
559707.3160,4693100.7518
559799.9036,4693138.5344
559892.4913,4693176.3171
559985.0789,4693214.0997
560077.6666,4693251.8824
560170.2542,4693289.6651
560262.8418,4693327.4477
560355.4295,4693365.2304
560448.0171,4693403.0130
560540.6047,4693440.7957
560633.1924,4693478.5783
560725.7800,4693516.3610
560818.3677,4693554.1437
560910.9553,4693591.9263
561003.5429,4693629.7090
561096.1306,4693667.4916
561188.7182,4693705.2743
561281.3059,4693743.0570
561373.8935,4693780.8396
561466.4811,4693818.6223
561559.0688,4693856.4049
561651.6564,4693894.1876
561744.2440,4693931.9702
561836.8317,4693969.7529
561929.4193,4694007.5356
562022.0070,4694045.3182
562114.5946,4694083.1009
562207.1822,4694120.8835
562299.7699,4694158.6662
562392.3575,4694196.4489
562484.9451,4694234.2315
562577.5328,4694272.0142
562670.1204,4694309.7968
562762.7081,4694347.5795
562855.2957,4694385.3621
562947.8833,4694423.1448
563040.4710,4694460.9275
563133.0586,4694498.7101
563225.6463,4694536.4928
563318.2339,4694574.2754
563410.8215,4694612.0581
563503.4092,4694649.8407
563595.9968,4694687.6234
563688.5844,4694725.4061
563781.1721,4694763.1887
563873.7597,4694800.9714
563966.3474,4694838.7540
564058.9350,4694876.5367
564151.5226,4694914.3194
564244.1103,4694952.1020
564336.6979,4694989.8847
564429.2856,4695027.6673
564521.8732,4695065.4500
564614.4608,4695103.2326
564707.0485,4695141.0153
564799.6361,4695178.7980
564892.2237,4695216.5806
564984.8114,4695254.3633
565077.3990,4695292.1459
565169.9867,4695329.9286
565262.5743,4695367.7113
565355.1619,4695405.4939
565447.7496,4695443.2766
565540.3372,4695481.0592
565632.9248,4695518.8419
565725.5125,4695556.6245
565818.1001,4695594.4072
565910.6878,4695632.1899
566003.2754,4695669.9725
566095.8630,4695707.7552
566188.4507,4695745.5378
566281.0383,4695783.3205
566373.6260,4695821.1032
566466.2136,4695858.8858
566558.8012,4695896.6685
566651.3889,4695934.4511
566743.9765,4695972.2338
566836.5641,4696010.0164
566929.1518,4696047.7991
567021.7394,4696085.5818
567114.3271,4696123.3644
567206.9147,4696161.1471
567299.5023,4696198.9297
567392.0900,4696236.7124
567484.6776,4696274.4950
567577.2652,4696312.2777
567669.8529,4696350.0604
567762.4405,4696387.8430
567855.0282,4696425.6257
567947.6158,4696463.4083
568040.2034,4696501.1910
568132.7911,4696538.9737
568225.3787,4696576.7563
568317.9664,4696614.5390
568410.5540,4696652.3216
568503.1416,4696690.1043
568595.7293,4696727.8869
568688.3169,4696765.6696
568780.9045,4696803.4523
568873.4922,4696841.2349
568964.3478,4696882.9584
569054.7903,4696925.6215
569145.2328,4696968.2847
569235.6754,4697010.9479
569326.1179,4697053.6111
569416.5605,4697096.2743
569507.0030,4697138.9374
569597.4455,4697181.6006
569687.8881,4697224.2638
569778.3306,4697266.9270
569868.7732,4697309.5902
569959.2157,4697352.2533
570049.6582,4697394.9165
570140.1008,4697437.5797
570230.5433,4697480.2429
570320.9859,4697522.9061
570411.4284,4697565.5692
570501.8709,4697608.2324
570592.3135,4697650.8956
570682.7560,4697693.5588
570773.1986,4697736.2220
570863.6411,4697778.8851
570954.0836,4697821.5483
571044.5262,4697864.2115
571134.9687,4697906.8747
571225.4113,4697949.5379
571315.8538,4697992.2010
571406.2963,4698034.8642
571496.7389,4698077.5274
571587.1814,4698120.1906
571677.6240,4698162.8538
571768.0665,4698205.5169
571858.5090,4698248.1801
571948.9516,4698290.8433
572039.3941,4698333.5065
572129.8367,4698376.1697
572220.2792,4698418.8329
572310.7217,4698461.4960
572401.1643,4698504.1592
572491.6068,4698546.8224
572582.0494,4698589.4856
572672.4919,4698632.1488
572762.9344,4698674.8119
572853.3770,4698717.4751
572943.8195,4698760.1383
573034.2621,4698802.8015
573124.7046,4698845.4647
573215.1471,4698888.1278
573305.5897,4698930.7910
573396.0322,4698973.4542
573486.4748,4699016.1174
573576.9173,4699058.7806
573667.3598,4699101.4437
573757.8024,4699144.1069
573848.2449,4699186.7701
573938.6875,4699229.4333
574029.1300,4699272.0965
574119.5725,4699314.7596
574210.0151,4699357.4228
574300.4576,4699400.0860
574390.9002,4699442.7492
574481.3427,4699485.4124
574571.7852,4699528.0755
574662.2278,4699570.7387
574752.6703,4699613.4019
574843.1129,4699656.0651
574933.5554,4699698.7283
575023.9979,4699741.3914
575114.4405,4699784.0546
575204.8830,4699826.7178
575295.3256,4699869.3810
575385.7681,4699912.0442
575476.2106,4699954.7073
575566.6532,4699997.3705
575657.0957,4700040.0337
575747.5383,4700082.6969
575837.9808,4700125.3601
575928.4233,4700168.0233
576018.8659,4700210.6864
576109.3084,4700253.3496
576199.7510,4700296.0128
576290.1935,4700338.6760
576380.6360,4700381.3392
576471.0786,4700424.0023
576561.5211,4700466.6655
576651.9637,4700509.3287
576742.4062,4700551.9919
576832.8487,4700594.6551
576923.2913,4700637.3182
577013.7338,4700679.9814
577104.1764,4700722.6446
577194.6189,4700765.3078
577285.0614,4700807.9710
577375.5040,4700850.6341
577465.9465,4700893.2973
577556.3891,4700935.9605
577646.8316,4700978.6237
577737.2741,4701021.2869
577827.7167,4701063.9500
577918.1592,4701106.6132
578008.6018,4701149.2764
578099.0443,4701191.9396
578189.4868,4701234.6028
578279.9294,4701277.2659
578370.3719,4701319.9291
578460.8145,4701362.5923
578551.2570,4701405.2555
578641.6995,4701447.9187
578732.1421,4701490.5818
578822.5846,4701533.2450
578913.0272,4701575.9082
579003.4697,4701618.5714
579093.9122,4701661.2346
579184.3548,4701703.8977
579274.7973,4701746.5609
579365.2399,4701789.2241
579455.6824,4701831.8873
579546.1249,4701874.5505
579636.5675,4701917.2137
579727.0100,4701959.8768
579817.4526,4702002.5400
579907.8951,4702045.2032
579998.3376,4702087.8664
580088.7802,4702130.5296
580179.2227,4702173.1927
580269.6653,4702215.8559
580360.1078,4702258.5191
580450.5503,4702301.1823
580540.9929,4702343.8455
580631.4354,4702386.5086
580721.8780,4702429.1718
580812.3205,4702471.8350
580902.7630,4702514.4982
580993.2056,4702557.1614
581083.6481,4702599.8245
581174.0907,4702642.4877
581264.5332,4702685.1509
581354.9757,4702727.8141
581445.4183,4702770.4773
581535.8608,4702813.1404
581626.3034,4702855.8036
581716.7459,4702898.4668
581807.1884,4702941.1300
581897.6310,4702983.7932
581988.0735,4703026.4563
582078.5161,4703069.1195
582168.9586,4703111.7827
582259.4011,4703154.4459
582349.8437,4703197.1091
582440.2862,4703239.7722
582530.7288,4703282.4354
582621.1713,4703325.0986
582711.6138,4703367.7618
582802.0564,4703410.4250
582892.4989,4703453.0881
582982.9415,4703495.7513
583073.3840,4703538.4145
583163.8265,4703581.0777
583254.2691,4703623.7409
583344.7116,4703666.4041
583435.1542,4703709.0672
583525.5967,4703751.7304
583616.0392,4703794.3936
583706.4818,4703837.0568
583796.9243,4703879.7200
583887.3669,4703922.3831
583977.8094,4703965.0463
584068.2519,4704007.7095
584158.6945,4704050.3727
584249.1370,4704093.0359
584339.5796,4704135.6990
584430.0221,4704178.3622
584520.4646,4704221.0254
584610.9072,4704263.6886
584701.3497,4704306.3518
584791.7923,4704349.0149
584882.2348,4704391.6781
584972.6773,4704434.3413
585063.1199,4704477.0045
585153.5624,4704519.6677
585244.0050,4704562.3308
585334.4475,4704604.9940
585424.8900,4704647.6572
585515.3326,4704690.3204
585605.7751,4704732.9836
585696.2177,4704775.6467
585786.6602,4704818.3099
585877.1027,4704860.9731
585967.5453,4704903.6363
586057.9878,4704946.2995
586148.4304,4704988.9626
586238.8729,4705031.6258
586329.3154,4705074.2890
586419.7580,4705116.9522
586510.2005,4705159.6154
586600.6431,4705202.2785
586691.0856,4705244.9417
586781.5281,4705287.6049
586871.9707,4705330.2681
586962.4132,4705372.9313
587052.8558,4705415.5944
587143.2983,4705458.2576
587233.7408,4705500.9208
587324.1834,4705543.5840
587414.6259,4705586.2472
587505.0685,4705628.9104
587595.5110,4705671.5735
587685.9535,4705714.2367
587776.3961,4705756.8999
587866.8386,4705799.5631
587957.2812,4705842.2263
588047.7237,4705884.8894
588138.1662,4705927.5526
588228.6088,4705970.2158
588319.0513,4706012.8790
588409.4939,4706055.5422
588499.9364,4706098.2053
588590.3789,4706140.8685
588680.8215,4706183.5317
588771.2640,4706226.1949
588861.7066,4706268.8581
588952.1491,4706311.5212
589042.5916,4706354.1844
589133.0342,4706396.8476
589223.4767,4706439.5108
589313.9193,4706482.1740
589404.3618,4706524.8371
589494.8043,4706567.5003
589585.2469,4706610.1635
589675.6894,4706652.8267
589766.1320,4706695.4899
589856.5745,4706738.1530
589947.0170,4706780.8162
590037.4596,4706823.4794
590127.9021,4706866.1426
590218.3447,4706908.8058
590308.7872,4706951.4689
590399.2297,4706994.1321
590489.6723,4707036.7953
590580.1148,4707079.4585
590670.5574,4707122.1217
590760.9999,4707164.7848
590851.4424,4707207.4480
590941.8850,4707250.1112
591032.3275,4707292.7744
591122.7700,4707335.4376
591213.2126,4707378.1008
591303.6551,4707420.7639
591394.0977,4707463.4271
591484.5402,4707506.0903
591574.9827,4707548.7535
591665.4253,4707591.4167
591755.8678,4707634.0798
591846.3104,4707676.7430
591936.7529,4707719.4062
592027.1954,4707762.0694
592117.6380,4707804.7326
592208.0805,4707847.3957
592298.5231,4707890.0589
592388.9656,4707932.7221
592479.4081,4707975.3853
592569.8507,4708018.0485
592660.2932,4708060.7116
592750.7358,4708103.3748
592841.1783,4708146.0380
592931.6208,4708188.7012
593022.0634,4708231.3644
593112.5059,4708274.0275
593202.9485,4708316.6907
593293.3910,4708359.3539
593383.8335,4708402.0171
593474.2761,4708444.6803
593564.7186,4708487.3434
593655.1612,4708530.0066
593745.6037,4708572.6698
593836.0462,4708615.3330
593926.4888,4708657.9962
594016.9313,4708700.6593
594107.3739,4708743.3225
594197.8164,4708785.9857
594288.2589,4708828.6489
594378.7015,4708871.3121
594469.1440,4708913.9752
594559.5866,4708956.6384
594650.0291,4708999.3016
594740.4716,4709041.9648
594830.9142,4709084.6280
594921.3567,4709127.2912
595011.7993,4709169.9543
595102.2418,4709212.6175
595192.6843,4709255.2807
595283.1269,4709297.9439
595373.5694,4709340.6071
595464.0120,4709383.2702
595554.4545,4709425.9334
595644.8970,4709468.5966
595735.3396,4709511.2598
595825.7821,4709553.9230
595916.2247,4709596.5861
596006.6672,4709639.2493
596097.1097,4709681.9125
596187.5523,4709724.5757
596277.9948,4709767.2389
596368.4374,4709809.9020
596458.8799,4709852.5652
596549.3224,4709895.2284
596639.7650,4709937.8916
596730.2075,4709980.5548
596820.6501,4710023.2179
596911.0926,4710065.8811
597001.5351,4710108.5443
597091.9777,4710151.2075
597182.4202,4710193.8707
597272.8628,4710236.5338
597363.3053,4710279.1970
597453.7478,4710321.8602
597544.1904,4710364.5234
597634.6329,4710407.1866
597725.0755,4710449.8497
597815.5180,4710492.5129
597905.9605,4710535.1761
597996.4031,4710577.8393
598086.8456,4710620.5025
598177.2882,4710663.1656
598267.7307,4710705.8288
598358.1732,4710748.4920
598448.6158,4710791.1552
598539.0583,4710833.8184
598629.5009,4710876.4816
598719.9434,4710919.1447
598810.3859,4710961.8079
598900.8285,4711004.4711
598991.2710,4711047.1343
599081.7136,4711089.7975
599172.1561,4711132.4606
599262.5986,4711175.1238
599353.0412,4711217.7870
599443.4837,4711260.4502
599533.9263,4711303.1134
599624.3688,4711345.7765
599714.8113,4711388.4397
599805.2539,4711431.1029
599895.6964,4711473.7661
599986.1390,4711516.4293
600076.5815,4711559.0924
600167.0240,4711601.7556
600257.4666,4711644.4188
600347.9091,4711687.0820
600438.3517,4711729.7452
600528.7942,4711772.4083
600619.2367,4711815.0715
600709.6793,4711857.7347
600800.1218,4711900.3979
600890.5644,4711943.0611
600981.0069,4711985.7242
601071.4494,4712028.3874
601161.8920,4712071.0506
601252.3345,4712113.7138
601342.7771,4712156.3770
601433.2196,4712199.0401
601523.6621,4712241.7033
601614.1047,4712284.3665
601704.5472,4712327.0297
601794.9898,4712369.6929
601885.4323,4712412.3560
601975.8748,4712455.0192
602066.3174,4712497.6824
602156.7599,4712540.3456
602247.2025,4712583.0088
602337.6450,4712625.6720
602428.0875,4712668.3351
602518.5301,4712710.9983
602608.9726,4712753.6615
602699.4152,4712796.3247
602789.8577,4712838.9879
602880.3002,4712881.6510
602970.7428,4712924.3142
603061.1853,4712966.9774
603151.6279,4713009.6406
603242.0704,4713052.3038
603332.5129,4713094.9669
603422.9555,4713137.6301
603513.3980,4713180.2933
603603.8406,4713222.9565
603694.2831,4713265.6197
603784.7256,4713308.2828
603875.1682,4713350.9460
603965.6107,4713393.6092
604056.0533,4713436.2724
604146.4958,4713478.9356
604236.9383,4713521.5987
604327.3809,4713564.2619
604417.8234,4713606.9251
604508.2660,4713649.5883
604598.7085,4713692.2515
604689.1510,4713734.9146
604779.5936,4713777.5778
604870.0361,4713820.2410
604960.4787,4713862.9042
605050.9212,4713905.5674
605141.3637,4713948.2305
605231.8063,4713990.8937
605322.2488,4714033.5569
605412.6914,4714076.2201
605503.1339,4714118.8833
605593.5764,4714161.5464
605684.0190,4714204.2096
605774.4615,4714246.8728
605864.9041,4714289.5360
605955.3466,4714332.1992
606045.7891,4714374.8623
606136.2317,4714417.5255
606226.6742,4714460.1887
606317.1168,4714502.8519
606407.5593,4714545.5151
606498.0018,4714588.1783
606588.4444,4714630.8414
606678.8869,4714673.5046
606769.3295,4714716.1678
606859.7720,4714758.8310
606950.2145,4714801.4942
607040.6571,4714844.1573
607131.0996,4714886.8205
607221.5422,4714929.4837
607311.9847,4714972.1469
607402.4272,4715014.8101
607492.8698,4715057.4732
607583.3123,4715100.1364
607673.7549,4715142.7996
607764.1974,4715185.4628
607854.6399,4715228.1260
607945.0825,4715270.7891
608035.5250,4715313.4523
608125.9676,4715356.1155
608216.4101,4715398.7787
608306.8526,4715441.4419
608397.2952,4715484.1050
608487.7377,4715526.7682
608578.1803,4715569.4314
608668.6228,4715612.0946
608759.0653,4715654.7578
608849.5079,4715697.4209
608939.9504,4715740.0841
609030.3930,4715782.7473
609120.8355,4715825.4105
609211.2780,4715868.0737
609301.7206,4715910.7368
609392.1631,4715953.4000
609482.6057,4715996.0632
609573.0482,4716038.7264
609663.4907,4716081.3896
609753.9333,4716124.0527
609844.3758,4716166.7159
609934.8184,4716209.3791
610025.2609,4716252.0423
610115.7034,4716294.7055
610206.1460,4716337.3687
610296.5885,4716380.0318
610387.0311,4716422.6950
610477.4736,4716465.3582
610567.9161,4716508.0214
610658.3587,4716550.6846
610748.8012,4716593.3477
610839.2438,4716636.0109
610929.6863,4716678.6741
611020.1288,4716721.3373
611110.5714,4716764.0005
611201.0139,4716806.6636
611291.4565,4716849.3268
611381.8990,4716891.9900
611472.3415,4716934.6532
611562.7841,4716977.3164
611653.2266,4717019.9795
611743.6692,4717062.6427
611834.1117,4717105.3059
611924.5542,4717147.9691
612014.9968,4717190.6323
612105.4393,4717233.2954
612195.8819,4717275.9586
612286.3244,4717318.6218
612376.7669,4717361.2850
612467.2095,4717403.9482
612557.6520,4717446.6113
612648.0946,4717489.2745
612738.5371,4717531.9377
612828.9796,4717574.6009
612919.4222,4717617.2641
613009.8647,4717659.9272
613100.3073,4717702.5904
613190.7498,4717745.2536
613281.1923,4717787.9168
613371.6349,4717830.5800
613462.0774,4717873.2431
613552.5200,4717915.9063
613642.9625,4717958.5695
613733.4050,4718001.2327
613823.8476,4718043.8959
613914.2901,4718086.5591
614004.7327,4718129.2222
614095.1752,4718171.8854
614185.6177,4718214.5486
614276.0603,4718257.2118
614366.5028,4718299.8750
614456.9454,4718342.5381
614547.3879,4718385.2013
614637.8304,4718427.8645
614728.2730,4718470.5277
614818.7155,4718513.1909
614909.1581,4718555.8540
614999.6006,4718598.5172
615090.0431,4718641.1804
615180.4857,4718683.8436
615270.9282,4718726.5068
615361.3708,4718769.1699
615451.8133,4718811.8331
615542.2558,4718854.4963
615632.6984,4718897.1595
615723.1409,4718939.8227
615813.5835,4718982.4858
615904.0260,4719025.1490
615994.4685,4719067.8122
616084.9111,4719110.4754
616175.3536,4719153.1386
616265.7962,4719195.8017
616356.2387,4719238.4649
616446.6812,4719281.1281
616537.1238,4719323.7913
616627.5663,4719366.4545
616718.0089,4719409.1176
616808.4514,4719451.7808
616898.8939,4719494.4440
616989.3365,4719537.1072
617079.7790,4719579.7704
617170.2216,4719622.4335
617260.6641,4719665.0967
617351.1066,4719707.7599
617441.5492,4719750.4231
617531.9917,4719793.0863
617622.4343,4719835.7495
617712.8768,4719878.4126
617803.3193,4719921.0758
617893.7619,4719963.7390
617984.2044,4720006.4022
618074.6470,4720049.0654
618165.0895,4720091.7285
618255.5320,4720134.3917
618345.9746,4720177.0549
618436.4171,4720219.7181
618526.8597,4720262.3813
618617.3022,4720305.0444
618707.7447,4720347.7076
618798.1873,4720390.3708
618888.6298,4720433.0340
618979.0724,4720475.6972
619069.5149,4720518.3603
619159.9574,4720561.0235
619250.4000,4720603.6867
619340.8425,4720646.3499
619431.2851,4720689.0131
619521.7276,4720731.6762
619612.1701,4720774.3394
619702.6127,4720817.0026
619793.0552,4720859.6658
619883.4978,4720902.3290
619973.9403,4720944.9921
620064.3828,4720987.6553
620154.8254,4721030.3185
620245.2679,4721072.9817
620335.7105,4721115.6449
620426.1530,4721158.3080
620516.5955,4721200.9712
620607.0381,4721243.6344
620697.4806,4721286.2976
620787.9232,4721328.9608
620878.3657,4721371.6239
620968.8082,4721414.2871
621059.2508,4721456.9503
621149.6933,4721499.6135
621240.1359,4721542.2767
621330.5784,4721584.9399
621421.0209,4721627.6030
621511.4635,4721670.2662
621601.9060,4721712.9294
621692.3486,4721755.5926
621782.7911,4721798.2558
621873.2336,4721840.9189
621963.6762,4721883.5821
622054.1187,4721926.2453
622144.5613,4721968.9085
622235.0038,4722011.5717
622325.4463,4722054.2348
622415.8889,4722096.8980
622506.3314,4722139.5612
622596.7740,4722182.2244
622687.2165,4722224.8876
622777.6590,4722267.5507
622868.1016,4722310.2139
622958.5441,4722352.8771
623048.9867,4722395.5403
623139.4292,4722438.2035
623229.8717,4722480.8666
623320.3143,4722523.5298
623410.7568,4722566.1930
623501.1994,4722608.8562
623591.6419,4722651.5194
623682.0844,4722694.1825
623772.5270,4722736.8457
623862.9695,4722779.5089
623953.4120,4722822.1721
624043.8546,4722864.8353
624134.2971,4722907.4984
624224.7397,4722950.1616
624315.1822,4722992.8248
624405.6247,4723035.4880
624496.0673,4723078.1512
624586.5098,4723120.8143
624676.9524,4723163.4775
624767.3949,4723206.1407
624857.8374,4723248.8039
624948.2800,4723291.4671
625038.7225,4723334.1302
625129.1651,4723376.7934
625219.6076,4723419.4566
625310.0501,4723462.1198
625400.4927,4723504.7830
625490.9352,4723547.4462
625581.3778,4723590.1093
625671.8203,4723632.7725
625762.2628,4723675.4357
625852.7054,4723718.0989
625943.1479,4723760.7621
626033.5905,4723803.4252
626124.0330,4723846.0884
626214.4755,4723888.7516
626304.9181,4723931.4148
626395.3606,4723974.0780
626485.8032,4724016.7411
626576.2457,4724059.4043
626666.6882,4724102.0675
626757.1308,4724144.7307
626847.5733,4724187.3939
626938.0159,4724230.0570
627028.4584,4724272.7202
627118.9009,4724315.3834
627209.3435,4724358.0466
627299.7860,4724400.7098
627390.2286,4724443.3729
627480.6711,4724486.0361
627571.1136,4724528.6993
627661.5562,4724571.3625
627751.9987,4724614.0257
627842.4413,4724656.6888
627932.8838,4724699.3520
628023.3263,4724742.0152
628113.7689,4724784.6784
628204.2114,4724827.3416
628294.6540,4724870.0047
628385.0965,4724912.6679
628475.5390,4724955.3311
628565.9816,4724997.9943
628656.4241,4725040.6575
628746.8667,4725083.3206
628837.3092,4725125.9838
628927.7517,4725168.6470
629018.1943,4725211.3102
629108.6368,4725253.9734
629199.0794,4725296.6366
629289.5219,4725339.2997
629379.9644,4725381.9629
629470.4070,4725424.6261
629560.8495,4725467.2893
629651.2921,4725509.9525
629741.7346,4725552.6156
629832.1771,4725595.2788
629922.6197,4725637.9420
630013.0622,4725680.6052
630103.5048,4725723.2684
630193.9473,4725765.9315
630284.3898,4725808.5947
630374.8324,4725851.2579
630465.2749,4725893.9211
630555.7175,4725936.5843
630646.1600,4725979.2474
630736.6025,4726021.9106
630827.0451,4726064.5738
630917.4876,4726107.2370
631007.9302,4726149.9002
631098.3727,4726192.5633
631188.8152,4726235.2265
631279.2578,4726277.8897
631369.7003,4726320.5529
631460.1429,4726363.2161
631550.5854,4726405.8792
631641.0279,4726448.5424
631731.4705,4726491.2056
631821.9130,4726533.8688
631912.3556,4726576.5320
632002.7981,4726619.1951
632093.2406,4726661.8583
632183.6832,4726704.5215
632274.1257,4726747.1847
632364.5683,4726789.8479
632455.0108,4726832.5110
632545.4533,4726875.1742
632635.8959,4726917.8374
632726.3384,4726960.5006
632816.7810,4727003.1638
632907.2235,4727045.8270
632997.6660,4727088.4901
633088.1086,4727131.1533
633178.5511,4727173.8165
633268.9937,4727216.4797
633359.4362,4727259.1429
633449.8787,4727301.8060
633540.3213,4727344.4692
633630.7638,4727387.1324
633721.2064,4727429.7956
633811.6489,4727472.4588
633902.0914,4727515.1219
633992.5340,4727557.7851
634082.9765,4727600.4483
634173.4191,4727643.1115
634263.8616,4727685.7747
634354.3041,4727728.4378
634444.7467,4727771.1010
634535.1892,4727813.7642
634625.6318,4727856.4274
634716.0743,4727899.0906
634806.5168,4727941.7537
634896.9594,4727984.4169
634987.4019,4728027.0801
635077.8445,4728069.7433
635168.2870,4728112.4065
635258.7295,4728155.0696
635349.1721,4728197.7328
635439.6146,4728240.3960
635530.0572,4728283.0592
635620.4997,4728325.7224
635710.9422,4728368.3855
635801.3848,4728411.0487
635891.8273,4728453.7119
635982.2699,4728496.3751
636072.7124,4728539.0383
636163.1549,4728581.7014
636253.5975,4728624.3646
636344.0400,4728667.0278
636434.4826,4728709.6910
636524.9251,4728752.3542
636615.3676,4728795.0174
636705.8102,4728837.6805
636796.2527,4728880.3437
636886.6953,4728923.0069
636977.1378,4728965.6701
637067.5803,4729008.3333
637158.0229,4729050.9964
637248.4654,4729093.6596
637338.9080,4729136.3228
637429.3505,4729178.9860
637519.7930,4729221.6492
637610.2356,4729264.3123
637700.6781,4729306.9755
637791.1207,4729349.6387
637881.5632,4729392.3019
637972.0057,4729434.9651
638062.4483,4729477.6282
638152.8908,4729520.2914
638243.3334,4729562.9546
638333.7759,4729605.6178
638424.2184,4729648.2810
638514.6610,4729690.9441
638605.1035,4729733.6073
638695.5461,4729776.2705
638785.9886,4729818.9337
638876.4311,4729861.5969
638966.8737,4729904.2600
639057.3162,4729946.9232
639147.7588,4729989.5864
639238.2013,4730032.2496
639328.6438,4730074.9128
639419.0864,4730117.5759
639509.5289,4730160.2391
639599.9715,4730202.9023
639690.4140,4730245.5655
639780.8565,4730288.2287
639871.2991,4730330.8918
639961.7416,4730373.5550
640052.1842,4730416.2182
640142.6267,4730458.8814
640233.0692,4730501.5446
640323.5118,4730544.2078
640413.9543,4730586.8709
640504.3969,4730629.5341
640594.8394,4730672.1973
640685.2819,4730714.8605
640775.7245,4730757.5237
640866.1670,4730800.1868
640956.6096,4730842.8500
641047.0521,4730885.5132
641137.4946,4730928.1764
641227.9372,4730970.8396
641318.3797,4731013.5027
641408.8223,4731056.1659
641499.2648,4731098.8291
641589.7073,4731141.4923
641680.1499,4731184.1555
641770.5924,4731226.8186
641861.0350,4731269.4818
641951.4775,4731312.1450
642041.9200,4731354.8082
642132.3626,4731397.4714
642222.8051,4731440.1345
642313.2477,4731482.7977
642403.6902,4731525.4609
642494.1327,4731568.1241
642584.5753,4731610.7873
642675.0178,4731653.4504
642765.4604,4731696.1136
642855.9029,4731738.7768
642946.3454,4731781.4400
643036.7880,4731824.1032
643127.2305,4731866.7663
643217.6731,4731909.4295
643308.1156,4731952.0927
643398.5581,4731994.7559
643489.0007,4732037.4191
643579.4432,4732080.0822
643669.8858,4732122.7454
643760.3283,4732165.4086
643850.7708,4732208.0718
643941.2134,4732250.7350
644031.6559,4732293.3981
644122.0985,4732336.0613
644212.5410,4732378.7245
644302.9835,4732421.3877
644393.4261,4732464.0509
644483.8686,4732506.7141
644574.3112,4732549.3772
644664.7537,4732592.0404
644755.1962,4732634.7036
644845.6388,4732677.3668
644936.0813,4732720.0300
645026.5239,4732762.6931
645116.9664,4732805.3563
645207.4089,4732848.0195
645297.8515,4732890.6827
645388.2940,4732933.3459
645478.7366,4732976.0090
645569.1791,4733018.6722
645659.6216,4733061.3354
645750.0642,4733103.9986
645840.5067,4733146.6618
645930.9493,4733189.3249
646021.3918,4733231.9881
646111.8343,4733274.6513
646202.2769,4733317.3145
646292.7194,4733359.9777
646383.1620,4733402.6408
646473.6045,4733445.3040
646564.0470,4733487.9672
646654.4896,4733530.6304
646744.9321,4733573.2936
646835.3747,4733615.9567
646925.8172,4733658.6199
647016.2597,4733701.2831
647106.7023,4733743.9463
647197.1448,4733786.6095
647287.5874,4733829.2726
647378.0299,4733871.9358
647468.4724,4733914.5990
647558.9150,4733957.2622
647649.3575,4733999.9254
647739.8001,4734042.5885
647830.2426,4734085.2517
647920.6851,4734127.9149
648011.1277,4734170.5781
648101.5702,4734213.2413
648192.0128,4734255.9045
648282.4553,4734298.5676
648372.8978,4734341.2308
648463.3404,4734383.8940
648553.7829,4734426.5572
648644.2255,4734469.2204
648734.6680,4734511.8835
648825.1105,4734554.5467
648915.5531,4734597.2099
649005.9956,4734639.8731
649096.4382,4734682.5363
649186.8807,4734725.1994
649277.3232,4734767.8626
649367.7658,4734810.5258
649458.2083,4734853.1890
649548.6509,4734895.8522
649639.0934,4734938.5153
649729.5359,4734981.1785
649819.9785,4735023.8417
649910.4210,4735066.5049
650000.8636,4735109.1681
650091.3061,4735151.8312
650181.7486,4735194.4944
650272.1912,4735237.1576
650362.6337,4735279.8208
650453.0763,4735322.4840
650543.5188,4735365.1471
650633.9613,4735407.8103
650724.4039,4735450.4735
650814.8464,4735493.1367
650905.2890,4735535.7999
650995.7315,4735578.4630
651086.1740,4735621.1262
651176.6166,4735663.7894
651267.0591,4735706.4526
651357.5017,4735749.1158
651447.9442,4735791.7789
651538.3867,4735834.4421
651628.8293,4735877.1053
651719.2718,4735919.7685
651809.7144,4735962.4317
651900.1569,4736005.0949
651990.5994,4736047.7580
652081.0420,4736090.4212
652171.4845,4736133.0844
652261.9271,4736175.7476
652352.3696,4736218.4108
652442.8121,4736261.0739
652533.2547,4736303.7371
652623.6972,4736346.4003
652714.1398,4736389.0635
652804.5823,4736431.7267
652895.0248,4736474.3898
652985.4674,4736517.0530
653075.9099,4736559.7162
653166.3525,4736602.3794
653256.7950,4736645.0426
653347.2375,4736687.7057
653437.6801,4736730.3689
653528.1226,4736773.0321
653618.5652,4736815.6953
653709.0077,4736858.3585
653799.4502,4736901.0216
653889.8928,4736943.6848
653980.3353,4736986.3480
654070.7779,4737029.0112
654161.2204,4737071.6744
654251.6629,4737114.3375
654342.1055,4737157.0007
654432.5480,4737199.6639
654522.9906,4737242.3271
654613.4331,4737284.9903
654703.8756,4737327.6534
654794.3182,4737370.3166
654884.7607,4737412.9798
654975.2033,4737455.6430
655065.6458,4737498.3062
655156.0883,4737540.9693
655246.5309,4737583.6325
655336.9734,4737626.2957
655427.4160,4737668.9589
655517.8585,4737711.6221
655608.3010,4737754.2853
655698.7436,4737796.9484
655789.1861,4737839.6116
655879.6287,4737882.2748
655970.0712,4737924.9380
656060.5137,4737967.6012
656150.9563,4738010.2643
656241.3988,4738052.9275
656331.8413,4738095.5907
656422.2839,4738138.2539
656512.7264,4738180.9171
656603.1690,4738223.5802
656693.6115,4738266.2434
656784.0540,4738308.9066
656874.4966,4738351.5698
656964.9391,4738394.2330
657055.3817,4738436.8961
657145.8242,4738479.5593
657236.2667,4738522.2225
657326.7093,4738564.8857
657417.1518,4738607.5489
657507.5944,4738650.2120
657598.0369,4738692.8752
657688.4794,4738735.5384
657778.9220,4738778.2016
657869.3645,4738820.8648
657959.8071,4738863.5279
658050.2496,4738906.1911
658140.6921,4738948.8543
658231.1347,4738991.5175
658321.5772,4739034.1807
658412.0198,4739076.8438
658502.4623,4739119.5070
658592.9048,4739162.1702
658683.3474,4739204.8334
658773.7899,4739247.4966
658864.2325,4739290.1597
658954.6750,4739332.8229
659045.1175,4739375.4861
659135.5601,4739418.1493
659226.0026,4739460.8125
659316.4452,4739503.4757
659406.8877,4739546.1388
659497.3302,4739588.8020
659587.7728,4739631.4652
659678.2153,4739674.1284
659768.6579,4739716.7916
659859.1004,4739759.4547
659949.5429,4739802.1179
660039.9855,4739844.7811
660130.4280,4739887.4443
660220.8706,4739930.1075
660311.3131,4739972.7706
660401.7556,4740015.4338
660492.1982,4740058.0970
660582.6407,4740100.7602
660673.0833,4740143.4234
660763.5258,4740186.0865
660853.9683,4740228.7497
660944.4109,4740271.4129
661034.8534,4740314.0761
661125.2960,4740356.7393
661215.7385,4740399.4024
661306.1810,4740442.0656
661396.6236,4740484.7288
661487.0661,4740527.3920
661577.5087,4740570.0552
661667.9512,4740612.7183
661758.3937,4740655.3815
661848.8363,4740698.0447
661939.2788,4740740.7079
662029.7214,4740783.3711
662120.1639,4740826.0342
662210.6064,4740868.6974
662301.0490,4740911.3606
662391.4915,4740954.0238
662481.9341,4740996.6870
662572.3766,4741039.3501
662662.8191,4741082.0133
662753.2617,4741124.6765
662843.7042,4741167.3397
662934.1468,4741210.0029
663024.5893,4741252.6660
663115.0318,4741295.3292
663205.4744,4741337.9924
663295.9169,4741380.6556
663386.3595,4741423.3188
663476.8020,4741465.9820
663567.2445,4741508.6451
663657.6871,4741551.3083
663748.1296,4741593.9715
663838.5722,4741636.6347
663929.0147,4741679.2979
664019.4572,4741721.9610
664109.8998,4741764.6242
664200.3423,4741807.2874
664290.7849,4741849.9506
664381.2274,4741892.6138
664471.6699,4741935.2769
664562.1125,4741977.9401
664652.5550,4742020.6033
664742.9976,4742063.2665
664833.4401,4742105.9297
664923.8826,4742148.5928
665014.3252,4742191.2560
665104.7677,4742233.9192
665195.2103,4742276.5824
665285.6528,4742319.2456
665376.0953,4742361.9087
665466.5379,4742404.5719
665556.9804,4742447.2351
665647.4230,4742489.8983
665737.8655,4742532.5615
665828.3080,4742575.2246
665918.7506,4742617.8878
666009.1931,4742660.5510
666099.6357,4742703.2142
666190.0782,4742745.8774
666280.5207,4742788.5405
666370.9633,4742831.2037
666461.4058,4742873.8669
666551.8484,4742916.5301
666642.2909,4742959.1933
666732.7334,4743001.8564
666823.1760,4743044.5196
666913.6185,4743087.1828
667004.0611,4743129.8460
667094.5036,4743172.5092
667184.9461,4743215.1724
667275.3887,4743257.8355
667365.8312,4743300.4987
667456.2738,4743343.1619
667546.7163,4743385.8251
667637.1588,4743428.4883
667727.6014,4743471.1514
667818.0439,4743513.8146
667908.4865,4743556.4778
667998.9290,4743599.1410
668089.3715,4743641.8042
668179.8141,4743684.4673
668270.2566,4743727.1305
668360.6992,4743769.7937
668451.1417,4743812.4569
668541.5842,4743855.1201
668632.0268,4743897.7832
668722.4693,4743940.4464
668812.9119,4743983.1096
668903.3544,4744025.7728
668993.7969,4744068.4360
669084.2395,4744111.0991
669174.6820,4744153.7623
669265.1246,4744196.4255
669355.5671,4744239.0887
669446.0096,4744281.7519
669536.4522,4744324.4150
669626.8947,4744367.0782
669717.3373,4744409.7414
669807.7798,4744452.4046
669898.2223,4744495.0678
669988.6649,4744537.7309
670079.1074,4744580.3941
670169.5500,4744623.0573
670259.9925,4744665.7205
670350.4350,4744708.3837
670440.8776,4744751.0468
670531.3201,4744793.7100
670621.7627,4744836.3732
670712.2052,4744879.0364
670802.6477,4744921.6996
670893.0903,4744964.3628
670983.5328,4745007.0259
671073.9754,4745049.6891
671164.4179,4745092.3523
671254.8604,4745135.0155
671345.3030,4745177.6787
671435.7455,4745220.3418
671526.1881,4745263.0050
671616.6306,4745305.6682
671707.0731,4745348.3314
671797.5157,4745390.9946
671887.9582,4745433.6577
671978.4008,4745476.3209
672068.8433,4745518.9841
672159.2858,4745561.6473
672249.7284,4745604.3105
672340.1709,4745646.9736
672430.6135,4745689.6368
672521.0560,4745732.3000
