! -----------------------------------------------------
! Lake Erie 2002-14
! Inflow (Detroit River)
! File prepared by LL
! -----------------------------------------------------
2  data sets																						   
0 seconds between data																						   
1	1	1
DAY	INFLOW	WTR_TEMP
2002001	5274.6	0.1
2002002	5387.8	0.1
2002003	5258.3	0.1
2002004	5112.7	0.1
2002005	5039.9	0.1
2002006	5157.3	0.1
2002007	5052.1	0.1
2002008	4963.1	0.1
2002009	4781.0	0.1
2002010	4724.4	0.1
2002011	4465.5	0.1
2002012	4599.0	0.1
2002013	4898.3	0.1
2002014	4651.6	0.1
2002015	4526.2	0.4
2002016	4376.5	0.7
2002017	4390.3	0.9
2002018	4437.2	0.8
2002019	4562.6	0.4
2002020	4635.4	0.2
2002021	4542.4	0.6
2002022	4518.1	0.9
2002023	4392.7	1.0
2002024	4667.7	0.8
2002025	4493.8	0.8
2002026	4348.2	1.0
2002027	4469.5	1.4
2002028	4534.3	1.7
2002029	4501.9	1.8
2002030	4400.8	1.8
2002031	4542.4	1.8
2002032	4518.1	2.2
2002033	4501.9	2.5
2002034	4497.9	2.6
2002035	4566.6	2.2
2002036	4501.9	1.6
2002037	4566.6	1.3
2002038	4615.2	1.3
2002039	4497.9	1.4
2002040	4360.3	1.2
2002041	4283.5	1.0
2002042	4530.2	0.3
2002043	4586.8	0.2
2002044	4465.5	0.1
2002045	4340.1	0.2
2002046	4380.6	0.6
2002047	4461.5	0.7
2002048	4497.9	0.5
2002049	4526.2	0.8
2002050	4627.3	1.3
2002051	4542.4	1.8
2002052	4408.9	1.9
2002053	4518.1	1.5
2002054	4724.4	1.1
2002055	4874.1	1.3
2002056	4942.8	2.1
2002057	4789.1	1.9
2002058	4821.5	1.8
2002059	4825.6	1.4
2002060	4781.0	1.0
2002061	4894.3	1.1
2002062	4740.6	1.3
2002063	4922.6	0.6
2002064	4930.7	0.1
2002065	4898.3	0.1
2002066	4853.9	0.1
2002067	4910.5	0.4
2002068	5124.9	0.9
2002069	5294.7	0.2
2002070	5149.2	0.1
2002071	5335.2	0.1
2002072	5185.6	0.8
2002073	5379.7	1.5
2002074	5525.4	2.2
2002075	5501.1	2.0
2002076	5517.3	2.1
2002077	5395.9	3.1
2002078	5359.5	3.6
2002079	5408.1	3.7
2002080	5282.7	3.6
2002081	5274.6	2.6
2002082	5197.7	2.5
2002083	5088.5	2.8
2002084	5165.3	2.6
2002085	5286.7	2.1
2002086	5359.5	1.5
2002087	5258.4	1.2
2002088	5343.3	1.0
2002089	5476.8	1.4
2002090	5217.9	1.7
2002091	5404.0	1.7
2002092	5391.9	1.8
2002093	5412.1	1.6
2002094	5359.5	1.8
2002095	5480.8	2.3
2002096	5541.5	2.1
2002097	5456.6	2.4
2002098	5375.7	3.4
2002099	5436.4	4.2
2002100	5387.8	4.7
2002101	5097.0	6.2
2002102	5077.0	6.4
2002103	5245.0	6.6
2002104	5181.0	6.7
2002105	5158.0	6.9
2002106	5158.0	7.1
2002107	5148.0	7.2
2002108	5065.0	7.4
2002109	5107.0	7.6
2002110	5191.0	7.7
2002111	4704.0	7.9
2002112	5194.0	8.1
2002113	5029.0	8.2
2002114	4789.0	8.4
2002115	5268.0	8.6
2002116	4966.0	8.8
2002117	4854.0	8.9
2002118	5276.0	9.1
2002119	5045.0	9.3
2002120	5086.0	9.4
2002121	4981.0	9.6
2002122	5204.0	9.8
2002123	5209.0	9.9
2002124	5039.0	10.1
2002125	5042.0	10.3
2002126	5072.0	10.4
2002127	5181.0	10.6
2002128	4737.0	10.8
2002129	5160.0	11.0
2002130	5148.0	11.1
2002131	5065.0	11.3
2002132	4995.0	11.5
2002133	5397.0	11.6
2002134	5449.0	11.8
2002135	5206.0	12.0
2002136	5272.0	12.2
2002137	5282.0	12.4
2002138	5325.0	12.5
2002139	5260.0	12.7
2002140	5217.0	12.9
2002141	5184.0	13.1
2002142	5081.0	13.3
2002143	5085.0	13.4
2002144	5301.0	13.6
2002145	5033.0	13.8
2002146	5151.0	14.0
2002147	5104.0	14.2
2002148	5114.0	14.4
2002149	5108.0	14.5
2002150	5108.0	14.7
2002151	5237.0	14.9
2002152	5270.0	15.1
2002153	5237.0	15.3
2002154	4985.0	15.5
2002155	5103.0	15.7
2002156	5247.0	15.8
2002157	5293.0	16.0
2002158	5144.0	16.2
2002159	5191.0	16.4
2002160	5217.0	16.6
2002161	5148.0	16.8
2002162	5164.0	17.0
2002163	5260.0	17.1
2002164	5204.0	17.3
2002165	5264.0	17.5
2002166	5375.0	17.7
2002167	5303.0	17.9
2002168	5227.0	18.1
2002169	5181.0	18.2
2002170	5123.0	18.4
2002171	5214.0	18.6
2002172	5282.0	18.8
2002173	5280.0	18.9
2002174	5282.0	19.1
2002175	5280.0	19.3
2002176	5282.0	19.4
2002177	5313.0	19.6
2002178	5399.0	19.8
2002179	5334.0	19.9
2002180	5280.0	20.1
2002181	5280.0	20.2
2002182	5282.0	20.4
2002183	5324.0	20.6
2002184	5324.0	20.7
2002185	5386.0	20.8
2002186	5301.0	21.0
2002187	5250.0	21.1
2002188	5311.0	21.2
2002189	5237.0	21.3
2002190	5415.0	21.4
2002191	5238.0	21.5
2002192	5201.0	21.6
2002193	5270.0	21.7
2002194	5324.0	21.8
2002195	5291.0	21.9
2002196	5356.0	22.0
2002197	5252.0	22.1
2002198	5322.0	22.1
2002199	5345.0	22.2
2002200	5376.0	22.3
2002201	5291.0	22.4
2002202	5270.0	22.5
2002203	5312.0	22.5
2002204	5415.0	22.6
2002205	5140.0	22.6
2002206	5270.0	22.7
2002207	5333.0	22.7
2002208	5322.0	22.8
2002209	5330.0	22.8
2002210	5252.0	22.9
2002211	5312.0	22.9
2002212	5310.0	23.0
2002213	5216.0	23.0
2002214	5321.0	23.0
2002215	5168.0	23.1
2002216	5270.0	23.1
2002217	5331.0	23.1
2002218	5344.0	23.1
2002219	5262.0	23.1
2002220	5268.0	23.1
2002221	5206.0	23.1
2002222	5237.0	23.1
2002223	5217.0	23.1
2002224	5257.0	23.1
2002225	5194.0	23.1
2002226	5186.0	23.1
2002227	5143.0	23.1
2002228	5267.0	23.1
2002229	5123.0	23.1
2002230	5277.0	23.0
2002231	5269.0	23.0
2002232	5163.0	23.0
2002233	5150.0	22.9
2002234	5275.0	22.9
2002235	5115.0	22.9
2002236	5269.0	22.8
2002237	5204.0	22.7
2002238	5204.0	22.7
2002239	5111.0	22.6
2002240	5104.0	22.5
2002241	5255.0	22.4
2002242	5176.0	22.3
2002243	5160.0	22.2
2002244	5140.0	22.1
2002245	5164.0	22.0
2002246	5197.0	21.8
2002247	5294.0	21.7
2002248	5174.0	21.5
2002249	5110.0	21.4
2002250	5176.0	21.2
2002251	5166.0	21.0
2002252	5156.0	20.9
2002253	5237.0	20.7
2002254	5331.0	20.5
2002255	5146.0	20.3
2002256	5225.0	20.1
2002257	5148.0	19.9
2002258	5269.0	19.6
2002259	5187.0	19.4
2002260	5175.0	19.2
2002261	5070.0	18.9
2002262	5076.0	18.7
2002263	5066.0	18.5
2002264	5207.0	18.2
2002265	5264.0	18.0
2002266	5167.0	17.7
2002267	5196.0	17.5
2002268	5073.0	17.2
2002269	5128.0	17.0
2002270	5160.0	16.8
2002271	5086.0	16.5
2002272	5116.0	16.3
2002273	5108.0	16.1
2002274	5089.0	15.8
2002275	5159.0	15.6
2002276	5032.0	15.4
2002277	4934.0	15.2
2002278	5336.0	14.9
2002279	4985.0	14.7
2002280	5356.0	14.5
2002281	4995.0	14.3
2002282	5080.0	14.0
2002283	5150.0	13.8
2002284	5058.0	13.6
2002285	5139.0	13.4
2002286	5331.0	13.2
2002287	5069.0	12.9
2002288	5167.0	12.7
2002289	5332.0	12.5
2002290	5247.0	12.3
2002291	5116.0	12.1
2002292	5400.0	11.9
2002293	5161.0	11.6
2002294	5089.0	11.4
2002295	5226.0	11.2
2002296	5120.0	11.0
2002297	5023.0	10.8
2002298	5043.0	10.6
2002299	5215.0	10.4
2002300	5140.0	10.2
2002301	5052.0	9.9
2002302	4988.0	9.7
2002303	4976.0	9.5
2002304	5105.0	9.4
2002305	5739.7	6.1
2002306	5602.2	5.7
2002307	5687.1	5.4
2002308	5590.0	5.3
2002309	5614.3	4.9
2002310	5464.7	4.9
2002311	5606.2	4.8
2002312	5565.8	5.2
2002313	5436.4	5.5
2002314	5662.9	6.1
2002315	5501.1	6.3
2002316	5460.6	6.5
2002317	5456.6	6.6
2002318	5553.7	6.9
2002319	5440.4	6.9
2002320	5517.2	6.7
2002321	5468.7	6.6
2002322	5553.7	6.3
2002323	5323.1	6.5
2002324	5505.1	6.8
2002325	5387.8	6.9
2002326	5549.6	6.2
2002327	5428.2	5.4
2002328	5577.9	4.6
2002329	5476.8	4.1
2002330	5432.3	3.6
2002331	5666.9	3.1
2002332	5557.7	2.3
2002333	5606.2	2.4
2002334	5638.5	2.3
2002335	5707.3	2.0
2002336	5622.3	1.5
2002337	5598.1	0.3
2002338	5476.8	0.1
2002339	5545.5	0.1
2002340	5630.5	0.1
2002341	5586.0	0.1
2002342	5521.2	0.1
2002343	5436.3	0.1
2002344	5509.1	0.1
2002345	5533.4	0.1
2002346	5444.4	0.1
2002347	5484.9	0.1
2002348	5355.5	0.1
2002349	5444.5	0.1
2002350	5355.4	0.1
2002351	5452.5	0.1
2002352	5343.3	0.1
2002353	5420.2	0.1
2002354	5323.1	0.1
2002355	5347.4	0.3
2002356	5468.7	0.6
2002357	5557.7	1.1
2002358	5424.2	1.1
2002359	5383.8	1.2
2002360	5412.1	0.9
2002361	5420.2	0.4
2002362	5606.2	0.1
2002363	5408.1	0.1
2002364	5355.5	0.3
2002365	5428.3	0.8
2003001	5274.6	0.5
2003002	5387.8	0.1
2003003	5258.3	0.1
2003004	5112.7	0.1
2003005	5039.9	0.1
2003006	5157.3	0.1
2003007	5052.1	0.1
2003008	4963.1	0.1
2003009	4781.0	0.1
2003010	4724.4	0.1
2003011	4465.5	0.1
2003012	4599.0	0.1
2003013	4898.3	0.1
2003014	4651.6	0.1
2003015	4526.2	0.1
2003016	4376.5	0.1
2003017	4390.3	0.1
2003018	4437.2	0.1
2003019	4562.6	0.1
2003020	4635.4	0.1
2003021	4542.4	0.1
2003022	4518.1	0.1
2003023	4392.7	0.1
2003024	4667.7	0.1
2003025	4493.8	0.1
2003026	4348.2	0.1
2003027	4469.5	0.1
2003028	4534.3	0.1
2003029	4501.9	0.1
2003030	4400.8	0.1
2003031	4542.4	0.1
2003032	4518.1	0.1
2003033	4501.9	0.1
2003034	4497.9	0.1
2003035	4566.6	0.1
2003036	4501.9	0.1
2003037	4566.6	0.1
2003038	4615.2	0.1
2003039	4497.9	0.1
2003040	4360.3	0.1
2003041	4283.5	0.1
2003042	4530.2	0.1
2003043	4586.8	0.1
2003044	4465.5	0.1
2003045	4340.1	0.1
2003046	4380.6	0.1
2003047	4461.5	0.1
2003048	4497.9	0.1
2003049	4526.2	0.1
2003050	4627.3	0.1
2003051	4542.4	0.1
2003052	4408.9	0.1
2003053	4518.1	0.1
2003054	4724.4	0.1
2003055	4874.1	0.1
2003056	4942.8	0.1
2003057	4789.1	0.1
2003058	4821.5	0.1
2003059	4825.6	0.1
2003060	4781.0	0.1
2003061	4894.3	0.1
2003062	4740.6	0.1
2003063	4922.6	0.1
2003064	4930.7	0.1
2003065	4898.3	0.1
2003066	4853.9	0.1
2003067	4910.5	0.1
2003068	5124.9	0.1
2003069	5294.7	0.1
2003070	5149.2	0.1
2003071	5335.2	0.1
2003072	5185.6	0.1
2003073	5379.7	0.1
2003074	5525.4	0.1
2003075	5501.1	0.1
2003076	5517.3	0.1
2003077	5395.9	0.1
2003078	5359.5	0.1
2003079	5408.1	0.8
2003080	5282.7	1.7
2003081	5274.6	2.2
2003082	5197.7	3.2
2003083	5088.5	4.4
2003084	5165.3	5.4
2003085	5286.7	5.9
2003086	5359.5	6.7
2003087	5258.4	7.9
2003088	5343.3	7.9
2003089	5476.8	7.3
2003090	5217.9	6.7
2003091	5404.0	7.2
2003092	5391.9	7.5
2003093	5412.1	7.0
2003094	5359.5	6.5
2003095	5480.8	6.1
2003096	5541.5	5.7
2003097	5456.6	5.0
2003098	5375.7	4.1
2003099	5436.4	3.7
2003100	5387.8	3.6
2003101	5488.9	3.3
2003102	5472.8	3.5
2003103	5367.6	4.0
2003104	5302.9	4.7
2003105	5387.8	5.3
2003106	5290.8	5.3
2003107	5129.0	5.5
2003108	5379.7	6.3
2003109	5165.3	7.2
2003110	5230.1	8.6
2003111	5226.0	9.5
2003112	5513.2	9.8
2003113	5501.1	10.1
2003114	5468.7	10.3
2003115	5375.6	10.4
2003116	5395.9	10.5
2003117	5428.3	10.9
2003118	5428.3	11.2
2003119	5311.0	10.5
2003120	5351.4	10.6
2003121	5230.1	11.3
2003122	5294.8	11.2
2003123	5286.7	10.9
2003124	5258.4	10.4
2003125	5246.2	10.8
2003126	5238.2	11.6
2003127	5185.6	11.8
2003128	5331.2	12.2
2003129	5306.9	12.4
2003130	5262.4	13.0
2003131	5367.6	13.2
2003132	5355.5	12.7
2003133	5311.0	12.9
2003134	5310.9	12.9
2003135	5363.5	12.7
2003136	5412.0	13.1
2003137	5383.7	13.5
2003138	5266.4	13.7
2003139	5294.7	13.7
2003140	5290.7	13.6
2003141	5242.2	13.6
2003142	5238.2	13.5
2003143	5185.6	13.4
2003144	5306.9	12.9
2003145	5165.4	12.8
2003146	5250.3	13.2
2003147	5327.1	13.2
2003148	5274.5	13.3
2003149	5456.5	13.7
2003150	5480.8	13.9
2003151	5355.5	13.6
2003152	5432.3	13.4
2003153	5408.0	13.3
2003154	5391.9	13.2
2003155	5424.2	13.4
2003156	5395.9	13.6
2003157	5327.1	14.0
2003158	5213.9	14.5
2003159	5327.2	14.9
2003160	5448.5	15.2
2003161	5412.1	15.5
2003162	5424.2	15.8
2003163	5428.3	15.6
2003164	5339.3	15.8
2003165	5343.3	16.5
2003166	5359.5	17.1
2003167	5537.4	17.4
2003168	5428.2	17.8
2003169	5383.7	18.5
2003170	5379.7	18.6
2003171	5331.2	18.6
2003172	5347.4	18.6
2003173	5347.4	18.9
2003174	5339.3	19.3
2003175	5351.4	19.8
2003176	5383.8	20.2
2003177	5371.6	20.8
2003178	5298.8	21.0
2003179	5436.4	21.1
2003180	5379.7	21.3
2003181	5501.1	21.4
2003182	5412.1	21.6
2003183	5412.1	21.7
2003184	5404.0	22.4
2003185	5363.5	23.2
2003186	5359.5	23.6
2003187	5335.2	23.7
2003188	5311.0	23.7
2003189	5294.8	23.8
2003190	5286.7	23.6
2003191	5339.3	23.5
2003192	5311.0	23.3
2003193	5274.5	23.3
2003194	5331.2	23.2
2003195	5327.2	23.2
2003196	5270.5	23.3
2003197	5274.6	23.1
2003198	5258.4	23.0
2003199	5270.5	22.4
2003200	5213.9	22.1
2003201	5222.0	22.0
2003202	5274.5	21.8
2003203	5213.9	21.4
2003204	5254.3	21.3
2003205	5270.5	21.2
2003206	5209.8	21.4
2003207	5205.8	21.6
2003208	5290.7	21.8
2003209	5286.7	21.7
2003210	5294.7	21.6
2003211	5302.9	21.5
2003212	5201.7	21.5
2003213	5278.6	21.8
2003214	5197.7	21.9
2003215	5141.1	21.8
2003216	5286.7	21.9
2003217	5169.4	22.1
2003218	5266.5	22.3
2003219	5242.2	22.5
2003220	5193.6	22.5
2003221	5226.0	22.4
2003222	5274.5	22.2
2003223	5254.3	22.4
2003224	5319.1	22.5
2003225	5315.0	22.7
2003226	5311.0	22.9
2003227	5294.8	23.0
2003228	5294.8	23.2
2003229	5242.2	23.1
2003230	5262.4	23.0
2003231	5189.6	23.0
2003232	5161.3	22.9
2003233	5266.4	23.1
2003234	5258.3	23.1
2003235	5149.2	23.0
2003236	5124.9	22.8
2003237	5209.8	22.8
2003238	5315.0	23.0
2003239	5226.0	22.8
2003240	5217.9	22.4
2003241	5213.9	22.2
2003242	5234.1	21.7
2003243	5234.1	21.6
2003244	5193.6	21.3
2003245	5274.6	21.1
2003246	5173.4	21.0
2003247	5222.0	20.5
2003248	5213.9	20.1
2003249	5181.5	19.9
2003250	5197.7	20.1
2003251	5217.9	19.9
2003252	5359.5	19.4
2003253	5217.9	19.3
2003254	5306.9	19.4
2003255	5367.6	19.3
2003256	5416.1	19.5
2003257	5387.8	19.8
2003258	5456.5	20.0
2003259	5444.4	20.0
2003260	5391.8	20.0
2003261	5379.7	20.1
2003262	5400.0	20.1
2003263	5343.3	19.9
2003264	5335.2	19.6
2003265	5432.3	19.3
2003266	5408.0	19.0
2003267	5335.2	18.6
2003268	5424.2	18.0
2003269	5391.8	17.4
2003270	5391.9	17.1
2003271	5432.3	16.2
2003272	5472.7	15.6
2003273	5638.6	15.0
2003274	5594.1	14.0
2003275	5488.9	13.1
2003276	5464.6	12.3
2003277	5590.0	11.8
2003278	5525.3	11.2
2003279	5351.4	10.6
2003280	5505.1	10.4
2003281	5363.6	10.6
2003282	5412.1	11.0
2003283	5400.0	11.4
2003284	5460.7	11.5
2003285	5302.9	11.8
2003286	5525.4	12.1
2003287	5529.4	12.2
2003288	5557.7	12.4
2003289	5569.9	12.6
2003290	5541.5	12.6
2003291	5517.3	12.8
2003292	5335.2	13.0
2003293	5472.7	13.3
2003294	5679.0	13.5
2003295	5630.5	12.6
2003296	5497.0	11.7
2003297	5577.9	11.1
2003298	5569.8	10.5
2003299	5509.1	10.1
2003300	5464.6	9.6
2003301	5577.9	9.3
2003302	5679.0	9.0
2003303	5658.8	9.1
2003304	5687.1	9.9
2003305	5739.7	10.0
2003306	5602.2	10.2
2003307	5687.1	9.9
2003308	5590.0	10.1
2003309	5614.3	10.5
2003310	5464.7	10.5
2003311	5606.2	10.1
2003312	5565.8	9.4
2003313	5436.4	8.7
2003314	5662.9	8.4
2003315	5501.1	8.6
2003316	5460.6	8.9
2003317	5456.6	8.3
2003318	5553.7	7.3
2003319	5440.4	6.8
2003320	5517.2	6.3
2003321	5468.7	6.2
2003322	5553.7	5.9
2003323	5323.1	5.8
2003324	5505.1	5.9
2003325	5387.8	6.3
2003326	5549.6	6.9
2003327	5428.2	7.9
2003328	5577.9	8.2
2003329	5476.8	7.5
2003330	5432.3	7.0
2003331	5666.9	7.1
2003332	5557.7	7.1
2003333	5606.2	6.8
2003334	5638.5	6.8
2003335	5707.3	6.5
2003336	5622.3	5.6
2003337	5598.1	4.8
2003338	5476.8	4.3
2003339	5545.5	3.8
2003340	5630.5	3.1
2003341	5586.0	1.9
2003342	5521.2	1.5
2003343	5436.3	1.7
2003344	5509.1	1.9
2003345	5533.4	1.9
2003346	5444.4	1.3
2003347	5484.9	0.8
2003348	5355.5	0.4
2003349	5444.5	0.1
2003350	5355.4	0.3
2003351	5452.5	0.3
2003352	5343.3	0.2
2003353	5420.2	0.1
2003354	5323.1	0.1
2003355	5347.4	0.2
2003356	5468.7	0.6
2003357	5557.7	0.6
2003358	5424.2	0.1
2003359	5383.8	0.1
2003360	5412.1	0.2
2003361	5420.2	0.6
2003362	5606.2	0.9
2003363	5408.1	1.4
2003364	5355.5	1.4
2003365	5428.3	1.7
2004001	5274.6	1.9
2004002	5387.8	2.5
2004003	5258.3	3.3
2004004	5112.7	3.3
2004005	5039.9	2.8
2004006	5157.3	2.0
2004007	5052.1	1.4
2004008	4963.1	0.9
2004009	4781.0	0.2
2004010	4724.4	0.1
2004011	4465.5	0.1
2004012	4599.0	0.1
2004013	4898.3	0.1
2004014	4651.6	0.1
2004015	4526.2	0.1
2004016	4376.5	0.1
2004017	4390.3	0.1
2004018	4437.2	0.1
2004019	4562.6	0.1
2004020	4635.4	0.1
2004021	4542.4	0.1
2004022	4518.1	0.1
2004023	4392.7	0.1
2004024	4667.7	0.1
2004025	4493.8	0.1
2004026	4348.2	0.1
2004027	4469.5	0.1
2004028	4534.3	0.1
2004029	4501.9	0.1
2004030	4400.8	0.1
2004031	4542.4	0.1
2004032	4518.1	0.1
2004033	4501.9	0.1
2004034	4497.9	0.1
2004035	4566.6	0.1
2004036	4501.9	0.1
2004037	4566.6	0.1
2004038	4615.2	0.1
2004039	4497.9	0.1
2004040	4360.3	0.1
2004041	4283.5	0.1
2004042	4530.2	0.1
2004043	4586.8	0.1
2004044	4465.5	0.1
2004045	4340.1	0.1
2004046	4380.6	0.1
2004047	4461.5	0.1
2004048	4497.9	0.1
2004049	4526.2	0.1
2004050	4627.3	0.1
2004051	4542.4	0.1
2004052	4408.9	0.1
2004053	4518.1	0.1
2004054	4724.4	0.1
2004055	4874.1	0.1
2004056	4942.8	0.1
2004057	4789.1	0.1
2004058	4821.5	0.1
2004059	4825.6	0.1
2004060	4781.0	0.7
2004061	4894.3	1.8
2004062	4740.6	2.7
2004063	4922.6	3.3
2004064	4930.7	3.6
2004065	4898.3	4.0
2004066	4853.9	4.2
2004067	4910.5	4.5
2004068	5124.9	4.5
2004069	5294.7	4.7
2004070	5149.2	4.8
2004071	5335.2	4.9
2004072	5185.6	4.6
2004073	5379.7	4.2
2004074	5525.4	4.0
2004075	5501.1	3.6
2004076	5517.3	2.8
2004077	5395.9	2.1
2004078	5359.5	1.6
2004079	5408.1	0.9
2004080	5282.7	1.2
2004081	5274.6	0.8
2004082	5197.7	0.5
2004083	5088.5	0.7
2004084	5165.3	1.0
2004085	5286.7	1.8
2004086	5359.5	3.1
2004087	5258.4	4.0
2004088	5343.3	4.4
2004089	5476.8	5.0
2004090	5217.9	5.7
2004091	5404.0	6.2
2004092	5391.9	6.6
2004093	5412.1	6.9
2004094	5359.5	6.9
2004095	5480.8	7.2
2004096	5541.5	7.6
2004097	5456.6	7.8
2004098	5375.7	7.8
2004099	5436.4	7.3
2004100	5387.8	6.9
2004101	5488.9	6.7
2004102	5472.8	6.4
2004103	5367.6	6.0
2004104	5302.9	5.9
2004105	5387.8	6.1
2004106	5290.8	6.4
2004107	5129.0	7.0
2004108	5379.7	7.7
2004109	5165.3	8.9
2004110	5230.1	9.9
2004111	5226.0	9.9
2004112	5513.2	10.5
2004113	5501.1	10.7
2004114	5468.7	11.0
2004115	5375.6	11.2
2004116	5395.9	11.9
2004117	5428.3	12.4
2004118	5428.3	12.3
2004119	5311.0	12.5
2004120	5351.4	13.2
2004121	5230.1	13.4
2004122	5294.8	12.9
2004123	5286.7	11.8
2004124	5258.4	11.1
2004125	5246.2	11.1
2004126	5238.2	11.0
2004127	5185.6	11.5
2004128	5331.2	11.4
2004129	5306.9	11.6
2004130	5262.4	11.8
2004131	5367.6	12.5
2004132	5355.5	13.4
2004133	5311.0	14.2
2004134	5310.9	14.4
2004135	5363.5	14.7
2004136	5412.0	14.8
2004137	5383.7	15.3
2004138	5266.4	16.1
2004139	5294.7	16.8
2004140	5290.7	16.9
2004141	5242.2	17.1
2004142	5238.2	17.5
2004143	5185.6	18.2
2004144	5306.9	18.5
2004145	5165.4	18.1
2004146	5250.3	17.8
2004147	5327.1	17.4
2004148	5274.5	17.0
2004149	5456.5	16.4
2004150	5480.8	16.4
2004151	5355.5	16.7
2004152	5432.3	16.8
2004153	5408.0	16.9
2004154	5391.9	17.0
2004155	5424.2	16.6
2004156	5395.9	16.5
2004157	5327.1	16.1
2004158	5213.9	16.0
2004159	5327.2	16.5
2004160	5448.5	17.3
2004161	5412.1	17.9
2004162	5424.2	17.9
2004163	5428.3	18.0
2004164	5339.3	18.4
2004165	5343.3	18.7
2004166	5359.5	19.0
2004167	5537.4	19.2
2004168	5428.2	19.5
2004169	5383.7	20.1
2004170	5379.7	20.7
2004171	5331.2	20.7
2004172	5347.4	20.4
2004173	5347.4	20.2
2004174	5339.3	19.7
2004175	5351.4	19.3
2004176	5383.8	19.5
2004177	5371.6	19.7
2004178	5298.8	19.7
2004179	5436.4	19.5
2004180	5379.7	19.1
2004181	5501.1	19.0
2004182	5412.1	19.2
2004183	5412.1	19.1
2004184	5404.0	19.0
2004185	5363.5	19.4
2004186	5359.5	20.1
2004187	5335.2	20.2
2004188	5311.0	20.3
2004189	5294.8	20.6
2004190	5286.7	20.6
2004191	5339.3	20.7
2004192	5311.0	21.1
2004193	5274.5	21.5
2004194	5331.2	21.9
2004195	5327.2	22.2
2004196	5270.5	22.1
2004197	5274.6	22.0
2004198	5258.4	22.2
2004199	5270.5	22.1
2004200	5213.9	21.7
2004201	5222.0	21.9
2004202	5274.5	22.0
2004203	5213.9	22.2
2004204	5254.3	22.7
2004205	5270.5	22.8
2004206	5209.8	22.3
2004207	5205.8	21.9
2004208	5290.7	21.7
2004209	5286.7	21.1
2004210	5294.7	21.0
2004211	5302.9	21.0
2004212	5201.7	20.9
2004213	5278.6	21.2
2004214	5197.7	21.3
2004215	5141.1	21.5
2004216	5286.7	21.5
2004217	5169.4	21.0
2004218	5266.5	20.4
2004219	5242.2	20.4
2004220	5193.6	20.4
2004221	5226.0	20.6
2004222	5274.5	20.8
2004223	5254.3	21.1
2004224	5319.1	21.0
2004225	5315.0	20.6
2004226	5311.0	20.3
2004227	5294.8	19.8
2004228	5294.8	19.5
2004229	5242.2	19.0
2004230	5262.4	18.8
2004231	5189.6	19.0
2004232	5161.3	19.1
2004233	5266.4	19.0
2004234	5258.3	18.9
2004235	5149.2	18.6
2004236	5124.9	18.6
2004237	5209.8	18.6
2004238	5315.0	19.1
2004239	5226.0	19.7
2004240	5217.9	20.3
2004241	5213.9	20.5
2004242	5234.1	20.6
2004243	5234.1	20.5
2004244	5193.6	20.4
2004245	5274.6	20.3
2004246	5173.4	20.5
2004247	5222.0	20.9
2004248	5213.9	21.3
2004249	5181.5	21.7
2004250	5197.7	21.8
2004251	5217.9	21.8
2004252	5359.5	21.4
2004253	5217.9	20.9
2004254	5306.9	20.3
2004255	5367.6	20.1
2004256	5416.1	20.3
2004257	5387.8	20.5
2004258	5456.5	20.7
2004259	5444.4	20.8
2004260	5391.8	20.9
2004261	5379.7	20.3
2004262	5400.0	19.9
2004263	5343.3	19.4
2004264	5335.2	18.9
2004265	5432.3	18.7
2004266	5408.0	18.8
2004267	5335.2	19.0
2004268	5424.2	19.3
2004269	5391.8	19.3
2004270	5391.9	19.0
2004271	5432.3	18.6
2004272	5472.7	18.2
2004273	5638.6	17.6
2004274	5594.1	17.0
2004275	5488.9	17.0
2004276	5464.6	16.8
2004277	5590.0	16.4
2004278	5525.3	16.0
2004279	5351.4	15.3
2004280	5505.1	14.9
2004281	5363.6	14.6
2004282	5412.1	14.4
2004283	5400.0	14.2
2004284	5460.7	13.8
2004285	5302.9	13.3
2004286	5525.4	13.0
2004287	5529.4	12.9
2004288	5557.7	12.9
2004289	5569.9	12.5
2004290	5541.5	12.2
2004291	5517.3	11.9
2004292	5335.2	11.6
2004293	5472.7	11.6
2004294	5679.0	11.3
2004295	5630.5	10.9
2004296	5497.0	10.4
2004297	5577.9	10.2
2004298	5569.8	10.3
2004299	5509.1	10.5
2004300	5464.6	10.4
2004301	5577.9	10.4
2004302	5679.0	10.4
2004303	5658.8	10.8
2004304	5687.1	11.5
2004305	5739.7	11.9
2004306	5602.2	12.0
2004307	5687.1	12.1
2004308	5590.0	11.8
2004309	5614.3	11.6
2004310	5464.7	11.4
2004311	5606.2	11.3
2004312	5565.8	11.1
2004313	5436.4	10.4
2004314	5662.9	9.9
2004315	5501.1	9.6
2004316	5460.6	9.2
2004317	5456.6	8.3
2004318	5553.7	7.2
2004319	5440.4	6.7
2004320	5517.2	6.3
2004321	5468.7	6.2
2004322	5553.7	6.4
2004323	5323.1	6.8
2004324	5505.1	6.9
2004325	5387.8	7.0
2004326	5549.6	6.8
2004327	5428.2	6.8
2004328	5577.9	7.2
2004329	5476.8	6.9
2004330	5432.3	6.4
2004331	5666.9	6.4
2004332	5557.7	6.8
2004333	5606.2	6.7
2004334	5638.5	6.6
2004335	5707.3	6.4
2004336	5622.3	6.0
2004337	5598.1	5.1
2004338	5476.8	4.5
2004339	5545.5	4.0
2004340	5630.5	3.6
2004341	5586.0	3.6
2004342	5521.2	3.8
2004343	5436.3	3.9
2004344	5509.1	4.3
2004345	5533.4	4.4
2004346	5444.4	3.9
2004347	5484.9	3.9
2004348	5355.5	3.6
2004349	5444.5	3.0
2004350	5355.4	2.6
2004351	5452.5	2.5
2004352	5343.3	2.3
2004353	5420.2	2.0
2004354	5323.1	1.3
2004355	5347.4	0.2
2004356	5468.7	0.1
2004357	5557.7	0.1
2004358	5424.2	0.1
2004359	5383.8	0.1
2004360	5412.1	0.1
2004361	5420.2	0.1
2004362	5606.2	0.1
2004363	5408.1	0.1
2004364	5355.5	0.1
2004365	5428.3	0.1
2004366	5416.1	0.1
2005001	5274.6	0.1
2005002	5387.8	0.1
2005003	5258.3	0.1
2005004	5112.7	0.1
2005005	5039.9	0.1
2005006	5157.3	0.1
2005007	5052.1	0.1
2005008	4963.1	0.1
2005009	4781.0	0.5
2005010	4724.4	1.3
2005011	4465.5	1.6
2005012	4599.0	1.9
2005013	4898.3	2.1
2005014	4651.6	1.1
2005015	4526.2	0.4
2005016	4376.5	0.1
2005017	4390.3	0.1
2005018	4437.2	0.1
2005019	4562.6	0.1
2005020	4635.4	0.1
2005021	4542.4	0.1
2005022	4518.1	0.1
2005023	4392.7	0.1
2005024	4667.7	0.1
2005025	4493.8	0.1
2005026	4348.2	0.1
2005027	4469.5	0.1
2005028	4534.3	0.1
2005029	4501.9	0.1
2005030	4400.8	0.1
2005031	4542.4	0.1
2005032	4518.1	0.1
2005033	4501.9	0.1
2005034	4497.9	0.1
2005035	4566.6	0.1
2005036	4501.9	0.1
2005037	4566.6	0.1
2005038	4615.2	0.1
2005039	4497.9	0.1
2005040	4360.3	0.1
2005041	4283.5	0.1
2005042	4530.2	0.1
2005043	4586.8	0.1
2005044	4465.5	0.1
2005045	4340.1	0.1
2005046	4380.6	0.1
2005047	4461.5	0.2
2005048	4497.9	0.1
2005049	4526.2	0.1
2005050	4627.3	0.1
2005051	4542.4	0.1
2005052	4408.9	0.1
2005053	4518.1	0.1
2005054	4724.4	0.1
2005055	4874.1	0.1
2005056	4942.8	0.1
2005057	4789.1	0.1
2005058	4821.5	0.1
2005059	4825.6	0.1
2005060	4781.0	0.1
2005061	4894.3	0.1
2005062	4740.6	0.1
2005063	4922.6	0.1
2005064	4930.7	0.1
2005065	4898.3	0.1
2005066	4853.9	0.1
2005067	4910.5	0.1
2005068	5124.9	0.1
2005069	5294.7	0.1
2005070	5149.2	0.1
2005071	5335.2	0.1
2005072	5185.6	0.1
2005073	5379.7	0.1
2005074	5525.4	0.1
2005075	5501.1	0.1
2005076	5517.3	0.1
2005077	5395.9	0.1
2005078	5359.5	0.1
2005079	5408.1	0.1
2005080	5282.7	0.1
2005081	5274.6	0.1
2005082	5197.7	0.3
2005083	5088.5	0.8
2005084	5165.3	1.0
2005085	5286.7	1.1
2005086	5359.5	1.6
2005087	5258.4	2.1
2005088	5343.3	2.7
2005089	5476.8	3.5
2005090	5217.9	4.1
2005091	5404.0	4.7
2005092	5391.9	4.8
2005093	5412.1	5.2
2005094	5359.5	5.8
2005095	5480.8	6.7
2005096	5541.5	7.9
2005097	5456.6	8.4
2005098	5375.7	8.9
2005099	5436.4	9.5
2005100	5387.8	10.2
2005101	5488.9	10.5
2005102	5472.8	10.5
2005103	5367.6	10.3
2005104	5302.9	10.2
2005105	5387.8	10.3
2005106	5290.8	10.8
2005107	5129.0	11.2
2005108	5379.7	11.5
2005109	5165.3	11.8
2005110	5230.1	11.6
2005111	5226.0	11.5
2005112	5513.2	11.4
2005113	5501.1	10.9
2005114	5468.7	10.2
2005115	5375.6	10.1
2005116	5395.9	10.1
2005117	5428.3	10.1
2005118	5428.3	10.1
2005119	5311.0	10.1
2005120	5351.4	10.0
2005121	5230.1	9.5
2005122	5294.8	9.0
2005123	5286.7	8.0
2005124	5258.4	7.5
2005125	5246.2	7.6
2005126	5238.2	8.0
2005127	5185.6	8.7
2005128	5331.2	9.7
2005129	5306.9	10.3
2005130	5262.4	11.3
2005131	5367.6	11.7
2005132	5355.5	11.6
2005133	5311.0	11.8
2005134	5310.9	12.1
2005135	5363.5	12.3
2005136	5412.0	12.5
2005137	5383.7	12.9
2005138	5266.4	13.4
2005139	5294.7	13.6
2005140	5290.7	13.9
2005141	5242.2	14.0
2005142	5238.2	14.0
2005143	5185.6	13.6
2005144	5306.9	13.0
2005145	5165.4	13.1
2005146	5250.3	13.7
2005147	5327.1	14.1
2005148	5274.5	14.2
2005149	5456.5	14.6
2005150	5480.8	15.2
2005151	5355.5	15.6
2005152	5432.3	16.0
2005153	5408.0	16.5
2005154	5391.9	16.7
2005155	5424.2	17.1
2005156	5395.9	17.9
2005157	5327.1	18.7
2005158	5213.9	19.7
2005159	5327.2	20.5
2005160	5448.5	21.1
2005161	5412.1	21.7
2005162	5424.2	22.5
2005163	5428.3	23.2
2005164	5339.3	23.7
2005165	5343.3	24.2
2005166	5359.5	24.3
2005167	5537.4	24.1
2005168	5428.2	23.9
2005169	5383.7	23.5
2005170	5379.7	22.9
2005171	5331.2	22.6
2005172	5347.4	22.4
2005173	5347.4	21.9
2005174	5339.3	21.4
2005175	5351.4	21.4
2005176	5383.8	21.5
2005177	5371.6	21.5
2005178	5298.8	21.7
2005179	5436.4	21.7
2005180	5379.7	22.1
2005181	5501.1	22.7
2005182	5412.1	23.1
2005183	5412.1	23.2
2005184	5404.0	23.5
2005185	5363.5	23.9
2005186	5359.5	24.0
2005187	5335.2	24.0
2005188	5311.0	24.1
2005189	5294.8	23.9
2005190	5286.7	23.5
2005191	5339.3	23.4
2005192	5311.0	23.3
2005193	5274.5	23.3
2005194	5331.2	23.4
2005195	5327.2	23.5
2005196	5270.5	23.9
2005197	5274.6	24.3
2005198	5258.4	24.7
2005199	5270.5	24.7
2005200	5213.9	24.9
2005201	5222.0	25.2
2005202	5274.5	25.6
2005203	5213.9	25.8
2005204	5254.3	25.8
2005205	5270.5	25.9
2005206	5209.8	26.1
2005207	5205.8	26.0
2005208	5290.7	25.5
2005209	5286.7	25.0
2005210	5294.7	24.7
2005211	5302.9	24.4
2005212	5201.7	24.0
2005213	5278.6	24.0
2005214	5197.7	24.2
2005215	5141.1	24.4
2005216	5286.7	24.4
2005217	5169.4	24.4
2005218	5266.5	24.3
2005219	5242.2	24.2
2005220	5193.6	23.9
2005221	5226.0	24.0
2005222	5274.5	24.4
2005223	5254.3	24.7
2005224	5319.1	24.9
2005225	5315.0	25.2
2005226	5311.0	25.2
2005227	5294.8	24.8
2005228	5294.8	24.5
2005229	5242.2	24.2
2005230	5262.4	24.0
2005231	5189.6	24.1
2005232	5161.3	24.2
2005233	5266.4	24.2
2005234	5258.3	23.7
2005235	5149.2	23.1
2005236	5124.9	22.6
2005237	5209.8	22.5
2005238	5315.0	22.4
2005239	5226.0	22.3
2005240	5217.9	22.4
2005241	5213.9	22.5
2005242	5234.1	22.5
2005243	5234.1	22.4
2005244	5193.6	22.3
2005245	5274.6	21.9
2005246	5173.4	21.7
2005247	5222.0	21.4
2005248	5213.9	21.5
2005249	5181.5	21.6
2005250	5197.7	21.9
2005251	5217.9	21.8
2005252	5359.5	21.6
2005253	5217.9	21.4
2005254	5306.9	21.3
2005255	5367.6	21.4
2005256	5416.1	21.6
2005257	5387.8	21.7
2005258	5456.5	21.6
2005259	5444.4	21.2
2005260	5391.8	21.0
2005261	5379.7	21.1
2005262	5400.0	21.2
2005263	5343.3	21.2
2005264	5335.2	21.2
2005265	5432.3	21.4
2005266	5408.0	21.2
2005267	5335.2	21.0
2005268	5424.2	21.0
2005269	5391.8	20.6
2005270	5391.9	20.0
2005271	5432.3	19.6
2005272	5472.7	19.0
2005273	5638.6	18.7
2005274	5594.1	18.6
2005275	5488.9	18.6
2005276	5464.6	18.7
2005277	5590.0	18.8
2005278	5525.3	18.8
2005279	5351.4	18.6
2005280	5505.1	18.2
2005281	5363.6	17.6
2005282	5412.1	16.8
2005283	5400.0	16.3
2005284	5460.7	16.1
2005285	5302.9	15.9
2005286	5525.4	16.2
2005287	5529.4	16.6
2005288	5557.7	16.4
2005289	5569.9	15.8
2005290	5541.5	14.9
2005291	5517.3	14.3
2005292	5335.2	13.6
2005293	5472.7	12.8
2005294	5679.0	12.6
2005295	5630.5	12.5
2005296	5497.0	12.2
2005297	5577.9	11.9
2005298	5569.8	11.5
2005299	5509.1	11.0
2005300	5464.6	10.2
2005301	5577.9	9.4
2005302	5679.0	8.9
2005303	5658.8	8.9
2005304	5687.1	9.1
2005305	5739.7	8.7
2005306	5602.2	8.5
2005307	5687.1	8.9
2005308	5590.0	9.4
2005309	5614.3	9.9
2005310	5464.7	10.3
2005311	5606.2	10.4
2005312	5565.8	10.6
2005313	5436.4	11.1
2005314	5662.9	11.1
2005315	5501.1	11.1
2005316	5460.6	11.4
2005317	5456.6	11.6
2005318	5553.7	11.1
2005319	5440.4	11.3
2005320	5517.2	11.2
2005321	5468.7	10.0
2005322	5553.7	8.7
2005323	5323.1	8.1
2005324	5505.1	7.7
2005325	5387.8	7.3
2005326	5549.6	6.6
2005327	5428.2	5.4
2005328	5577.9	4.8
2005329	5476.8	4.0
2005330	5432.3	3.0
2005331	5666.9	2.5
2005332	5557.7	3.0
2005333	5606.2	2.5
2005334	5638.5	2.0
2005335	5707.3	2.1
2005336	5622.3	1.9
2005337	5598.1	1.2
2005338	5476.8	0.6
2005339	5545.5	0.1
2005340	5630.5	0.1
2005341	5586.0	0.1
2005342	5521.2	0.1
2005343	5436.3	0.1
2005344	5509.1	0.1
2005345	5533.4	0.1
2005346	5444.4	0.1
2005347	5484.9	0.1
2005348	5355.5	0.1
2005349	5444.5	0.1
2005350	5355.4	0.1
2005351	5452.5	0.1
2005352	5343.3	0.1
2005353	5420.2	0.1
2005354	5323.1	0.1
2005355	5347.4	0.1
2005356	5468.7	0.1
2005357	5557.7	0.1
2005358	5424.2	0.1
2005359	5383.8	0.1
2005360	5412.1	0.1
2005361	5420.2	0.1
2005362	5606.2	0.1
2005363	5408.1	0.1
2005364	5355.5	0.1
2005365	5428.3	0.1
2006001	5274.6	0.1
2006002	5387.8	0.8
2006003	5258.3	1.6
2006004	5112.7	2.3
2006005	5039.9	2.6
2006006	5157.3	2.2
2006007	5052.1	2.0
2006008	4963.1	2.0
2006009	4781.0	2.0
2006010	4724.4	2.0
2006011	4465.5	2.2
2006012	4599.0	2.5
2006013	4898.3	2.9
2006014	4651.6	2.7
2006015	4526.2	2.3
2006016	4376.5	2.0
2006017	4390.3	2.0
2006018	4437.2	1.6
2006019	4562.6	1.8
2006020	4635.4	2.6
2006021	4542.4	2.7
2006022	4518.1	2.5
2006023	4392.7	2.4
2006024	4667.7	2.5
2006025	4493.8	2.0
2006026	4348.2	1.5
2006027	4469.5	1.2
2006028	4534.3	1.7
2006029	4501.9	2.5
2006030	4400.8	2.9
2006031	4542.4	2.7
2006032	4518.1	3.0
2006033	4501.9	3.0
2006034	4497.9	2.8
2006035	4566.6	2.8
2006036	4501.9	2.8
2006037	4566.6	2.6
2006038	4615.2	2.3
2006039	4497.9	2.0
2006040	4360.3	1.8
2006041	4283.5	1.6
2006042	4530.2	0.8
2006043	4586.8	0.1
2006044	4465.5	0.1
2006045	4340.1	0.1
2006046	4380.6	0.1
2006047	4461.5	0.1
2006048	4497.9	0.1
2006049	4526.2	0.1
2006050	4627.3	0.1
2006051	4542.4	0.1
2006052	4408.9	0.1
2006053	4518.1	0.1
2006054	4724.4	0.1
2006055	4874.1	0.1
2006056	4942.8	0.1
2006057	4789.1	0.1
2006058	4821.5	0.1
2006059	4825.6	0.1
2006060	4781.0	0.1
2006061	4894.3	0.1
2006062	4740.6	0.1
2006063	4922.6	0.1
2006064	4930.7	0.1
2006065	4898.3	0.1
2006066	4853.9	0.1
2006067	4910.5	0.1
2006068	5124.9	0.1
2006069	5294.7	0.6
2006070	5149.2	1.1
2006071	5335.2	2.2
2006072	5185.6	3.2
2006073	5379.7	3.7
2006074	5525.4	3.9
2006075	5501.1	4.1
2006076	5517.3	4.3
2006077	5395.9	4.3
2006078	5359.5	4.5
2006079	5408.1	4.4
2006080	5282.7	4.2
2006081	5274.6	4.0
2006082	5197.7	3.4
2006083	5088.5	3.0
2006084	5165.3	2.6
2006085	5286.7	2.1
2006086	5359.5	1.6
2006087	5258.4	1.9
2006088	5343.3	2.2
2006089	5476.8	2.8
2006090	5217.9	3.7
2006091	5404.0	4.4
2006092	5391.9	4.6
2006093	5412.1	5.3
2006094	5359.5	5.8
2006095	5480.8	6.1
2006096	5541.5	6.5
2006097	5456.6	6.8
2006098	5375.7	6.9
2006099	5436.4	6.9
2006100	5387.8	7.2
2006101	5488.9	7.6
2006102	5472.8	8.2
2006103	5367.6	8.8
2006104	5302.9	9.2
2006105	5387.8	9.6
2006106	5290.8	9.8
2006107	5129.0	9.9
2006108	5379.7	10.3
2006109	5165.3	10.9
2006110	5230.1	11.5
2006111	5226.0	12.3
2006112	5513.2	13.3
2006113	5501.1	13.8
2006114	5468.7	14.2
2006115	5375.6	13.9
2006116	5395.9	13.5
2006117	5428.3	12.9
2006118	5428.3	12.2
2006119	5311.0	12.0
2006120	5351.4	12.4
2006121	5230.1	12.9
2006122	5294.8	13.0
2006123	5286.7	13.3
2006124	5258.4	13.5
2006125	5246.2	13.2
2006126	5238.2	12.7
2006127	5185.6	12.6
2006128	5331.2	12.6
2006129	5306.9	13.2
2006130	5262.4	13.8
2006131	5367.6	14.1
2006132	5355.5	14.1
2006133	5311.0	14.2
2006134	5310.9	14.1
2006135	5363.5	13.8
2006136	5412.0	13.8
2006137	5383.7	13.8
2006138	5266.4	13.4
2006139	5294.7	13.2
2006140	5290.7	13.5
2006141	5242.2	13.5
2006142	5238.2	13.2
2006143	5185.6	12.9
2006144	5306.9	12.8
2006145	5165.4	13.3
2006146	5250.3	14.1
2006147	5327.1	14.7
2006148	5274.5	15.4
2006149	5456.5	16.4
2006150	5480.8	17.3
2006151	5355.5	17.9
2006152	5432.3	18.6
2006153	5408.0	19.2
2006154	5391.9	19.6
2006155	5424.2	20.1
2006156	5395.9	20.8
2006157	5327.1	21.5
2006158	5213.9	21.8
2006159	5327.2	21.9
2006160	5448.5	21.7
2006161	5412.1	21.4
2006162	5424.2	20.8
2006163	5428.3	19.9
2006164	5339.3	19.2
2006165	5343.3	18.8
2006166	5359.5	18.6
2006167	5537.4	18.9
2006168	5428.2	19.4
2006169	5383.7	19.9
2006170	5379.7	20.2
2006171	5331.2	20.1
2006172	5347.4	20.0
2006173	5347.4	20.1
2006174	5339.3	20.3
2006175	5351.4	20.5
2006176	5383.8	20.9
2006177	5371.6	21.2
2006178	5298.8	21.6
2006179	5436.4	21.9
2006180	5379.7	21.9
2006181	5501.1	21.8
2006182	5412.1	21.7
2006183	5412.1	21.6
2006184	5404.0	21.6
2006185	5363.5	21.9
2006186	5359.5	21.8
2006187	5335.2	21.4
2006188	5311.0	21.4
2006189	5294.8	21.7
2006190	5286.7	22.0
2006191	5339.3	22.2
2006192	5311.0	22.2
2006193	5274.5	22.3
2006194	5331.2	22.5
2006195	5327.2	22.7
2006196	5270.5	22.9
2006197	5274.6	23.2
2006198	5258.4	23.4
2006199	5270.5	23.4
2006200	5213.9	23.7
2006201	5222.0	24.2
2006202	5274.5	24.4
2006203	5213.9	24.4
2006204	5254.3	24.2
2006205	5270.5	24.2
2006206	5209.8	24.4
2006207	5205.8	24.5
2006208	5290.7	24.6
2006209	5286.7	24.6
2006210	5294.7	24.7
2006211	5302.9	24.6
2006212	5201.7	24.7
2006213	5278.6	25.2
2006214	5197.7	25.8
2006215	5141.1	25.7
2006216	5286.7	25.8
2006217	5169.4	25.8
2006218	5266.5	25.9
2006219	5242.2	26.1
2006220	5193.6	25.8
2006221	5226.0	25.5
2006222	5274.5	25.3
2006223	5254.3	24.9
2006224	5319.1	24.4
2006225	5315.0	23.9
2006226	5311.0	23.5
2006227	5294.8	22.9
2006228	5294.8	22.3
2006229	5242.2	22.2
2006230	5262.4	22.2
2006231	5189.6	22.2
2006232	5161.3	21.9
2006233	5266.4	21.6
2006234	5258.3	21.7
2006235	5149.2	21.7
2006236	5124.9	21.7
2006237	5209.8	21.9
2006238	5315.0	22.2
2006239	5226.0	22.3
2006240	5217.9	22.0
2006241	5213.9	21.8
2006242	5234.1	21.8
2006243	5234.1	21.6
2006244	5193.6	21.2
2006245	5274.6	20.7
2006246	5173.4	20.6
2006247	5222.0	20.5
2006248	5213.9	20.2
2006249	5181.5	20.0
2006250	5197.7	19.9
2006251	5217.9	19.9
2006252	5359.5	19.5
2006253	5217.9	19.0
2006254	5306.9	18.9
2006255	5367.6	18.9
2006256	5416.1	18.9
2006257	5387.8	18.8
2006258	5456.5	18.7
2006259	5444.4	18.8
2006260	5391.8	18.9
2006261	5379.7	18.8
2006262	5400.0	18.5
2006263	5343.3	18.1
2006264	5335.2	17.6
2006265	5432.3	17.1
2006266	5408.0	17.2
2006267	5335.2	17.1
2006268	5424.2	16.9
2006269	5391.8	16.5
2006270	5391.9	16.3
2006271	5432.3	15.8
2006272	5472.7	15.3
2006273	5638.6	14.9
2006274	5594.1	14.4
2006275	5488.9	14.2
2006276	5464.6	14.6
2006277	5590.0	14.9
2006278	5525.3	14.7
2006279	5351.4	14.4
2006280	5505.1	13.8
2006281	5363.6	13.7
2006282	5412.1	13.8
2006283	5400.0	13.7
2006284	5460.7	13.4
2006285	5302.9	12.9
2006286	5525.4	12.5
2006287	5529.4	12.1
2006288	5557.7	11.7
2006289	5569.9	11.3
2006290	5541.5	10.8
2006291	5517.3	10.7
2006292	5335.2	10.7
2006293	5472.7	10.6
2006294	5679.0	10.6
2006295	5630.5	10.1
2006296	5497.0	9.3
2006297	5577.9	8.8
2006298	5569.8	8.3
2006299	5509.1	8.4
2006300	5464.6	8.4
2006301	5577.9	8.3
2006302	5679.0	8.2
2006303	5658.8	8.3
2006304	5687.1	8.1
2006305	5739.7	7.4
2006306	5602.2	6.7
2006307	5687.1	6.1
2006308	5590.0	5.4
2006309	5614.3	5.5
2006310	5464.7	5.9
2006311	5606.2	6.3
2006312	5565.8	6.6
2006313	5436.4	7.2
2006314	5662.9	7.2
2006315	5501.1	7.2
2006316	5460.6	6.9
2006317	5456.6	6.5
2006318	5553.7	6.0
2006319	5440.4	6.1
2006320	5517.2	6.4
2006321	5468.7	6.7
2006322	5553.7	6.9
2006323	5323.1	6.6
2006324	5505.1	6.0
2006325	5387.8	5.4
2006326	5549.6	5.0
2006327	5428.2	4.3
2006328	5577.9	4.1
2006329	5476.8	4.2
2006330	5432.3	4.7
2006331	5666.9	5.3
2006332	5557.7	5.9
2006333	5606.2	6.6
2006334	5638.5	6.9
2006335	5707.3	6.9
2006336	5622.3	6.6
2006337	5598.1	6.2
2006338	5476.8	5.7
2006339	5545.5	5.4
2006340	5630.5	5.3
2006341	5586.0	4.8
2006342	5521.2	4.3
2006343	5436.3	3.8
2006344	5509.1	3.4
2006345	5533.4	3.1
2006346	5444.4	2.7
2006347	5484.9	2.1
2006348	5355.5	1.9
2006349	5444.5	2.0
2006350	5355.4	2.3
2006351	5452.5	3.2
2006352	5343.3	3.8
2006353	5420.2	4.1
2006354	5323.1	4.1
2006355	5347.4	4.7
2006356	5468.7	5.6
2006357	5557.7	6.0
2006358	5424.2	5.9
2006359	5383.8	5.6
2006360	5412.1	5.3
2006361	5420.2	5.0
2006362	5606.2	4.7
2006363	5408.1	4.6
2006364	5355.5	4.6
2006365	5428.3	4.4
2007001	5274.6	4.5
2007002	5387.8	4.5
2007003	5258.3	4.7
2007004	5112.7	4.8
2007005	5039.9	4.9
2007006	5157.3	4.8
2007007	5052.1	4.6
2007008	4963.1	4.5
2007009	4781.0	4.2
2007010	4724.4	3.9
2007011	4465.5	3.8
2007012	4599.0	4.1
2007013	4898.3	3.8
2007014	4651.6	3.3
2007015	4526.2	2.8
2007016	4376.5	2.3
2007017	4390.3	1.6
2007018	4437.2	1.1
2007019	4562.6	0.2
2007020	4635.4	0.1
2007021	4542.4	0.1
2007022	4518.1	0.1
2007023	4392.7	0.1
2007024	4667.7	0.1
2007025	4493.8	0.1
2007026	4348.2	0.1
2007027	4469.5	0.1
2007028	4534.3	0.1
2007029	4501.9	0.1
2007030	4400.8	0.1
2007031	4542.4	0.1
2007032	4518.1	0.1
2007033	4501.9	0.1
2007034	4497.9	0.1
2007035	4566.6	0.1
2007036	4501.9	0.1
2007037	4566.6	0.1
2007038	4615.2	0.1
2007039	4497.9	0.1
2007040	4360.3	0.1
2007041	4283.5	0.1
2007042	4530.2	0.1
2007043	4586.8	0.1
2007044	4465.5	0.1
2007045	4340.1	0.1
2007046	4380.6	0.1
2007047	4461.5	0.1
2007048	4497.9	0.1
2007049	4526.2	0.1
2007050	4627.3	0.1
2007051	4542.4	0.1
2007052	4408.9	0.1
2007053	4518.1	0.1
2007054	4724.4	0.1
2007055	4874.1	0.1
2007056	4942.8	0.1
2007057	4789.1	0.1
2007058	4821.5	0.1
2007059	4825.6	0.1
2007060	4781.0	0.1
2007061	4894.3	0.1
2007062	4740.6	0.1
2007063	4922.6	0.1
2007064	4930.7	0.1
2007065	4898.3	0.1
2007066	4853.9	0.1
2007067	4910.5	0.1
2007068	5124.9	0.1
2007069	5294.7	0.1
2007070	5149.2	0.1
2007071	5335.2	0.1
2007072	5185.6	0.7
2007073	5379.7	1.3
2007074	5525.4	1.1
2007075	5501.1	0.9
2007076	5517.3	1.0
2007077	5395.9	1.1
2007078	5359.5	1.8
2007079	5408.1	2.5
2007080	5282.7	3.4
2007081	5274.6	4.7
2007082	5197.7	5.2
2007083	5088.5	5.5
2007084	5165.3	5.8
2007085	5286.7	6.7
2007086	5359.5	7.0
2007087	5258.4	6.9
2007088	5343.3	7.5
2007089	5476.8	8.1
2007090	5217.9	8.8
2007091	5404.0	9.6
2007092	5391.9	10.3
2007093	5412.1	11.1
2007094	5359.5	11.2
2007095	5480.8	10.1
2007096	5541.5	9.3
2007097	5456.6	8.3
2007098	5375.7	7.6
2007099	5436.4	6.5
2007100	5387.8	5.5
2007101	5488.9	5.2
2007102	5472.8	5.1
2007103	5367.6	5.0
2007104	5302.9	4.5
2007105	5387.8	4.0
2007106	5290.8	3.7
2007107	5129.0	3.5
2007108	5379.7	3.6
2007109	5165.3	4.5
2007110	5230.1	5.6
2007111	5226.0	6.8
2007112	5513.2	8.2
2007113	5501.1	9.3
2007114	5468.7	10.0
2007115	5375.6	10.4
2007116	5395.9	10.7
2007117	5428.3	11.0
2007118	5428.3	11.9
2007119	5311.0	12.7
2007120	5351.4	13.1
2007121	5230.1	13.2
2007122	5294.8	13.6
2007123	5286.7	13.7
2007124	5258.4	13.8
2007125	5246.2	13.8
2007126	5238.2	13.4
2007127	5185.6	13.1
2007128	5331.2	13.5
2007129	5306.9	14.2
2007130	5262.4	14.8
2007131	5367.6	15.4
2007132	5355.5	15.1
2007133	5311.0	14.7
2007134	5310.9	14.8
2007135	5363.5	15.5
2007136	5412.0	15.4
2007137	5383.7	15.1
2007138	5266.4	15.1
2007139	5294.7	15.1
2007140	5290.7	15.1
2007141	5242.2	14.9
2007142	5238.2	14.9
2007143	5185.6	15.1
2007144	5306.9	15.5
2007145	5165.4	15.7
2007146	5250.3	16.1
2007147	5327.1	16.7
2007148	5274.5	17.0
2007149	5456.5	16.9
2007150	5480.8	17.7
2007151	5355.5	18.9
2007152	5432.3	19.8
2007153	5408.0	20.5
2007154	5391.9	21.1
2007155	5424.2	21.8
2007156	5395.9	21.5
2007157	5327.1	20.9
2007158	5213.9	20.9
2007159	5327.2	20.9
2007160	5448.5	21.0
2007161	5412.1	21.0
2007162	5424.2	21.2
2007163	5428.3	21.3
2007164	5339.3	21.4
2007165	5343.3	21.3
2007166	5359.5	21.1
2007167	5537.4	20.8
2007168	5428.2	21.2
2007169	5383.7	21.7
2007170	5379.7	22.3
2007171	5331.2	22.9
2007172	5347.4	22.8
2007173	5347.4	22.5
2007174	5339.3	22.5
2007175	5351.4	22.6
2007176	5383.8	22.8
2007177	5371.6	23.1
2007178	5298.8	23.2
2007179	5436.4	22.9
2007180	5379.7	22.7
2007181	5501.1	22.5
2007182	5412.1	21.8
2007183	5412.1	21.1
2007184	5404.0	21.0
2007185	5363.5	21.1
2007186	5359.5	21.2
2007187	5335.2	21.5
2007188	5311.0	22.0
2007189	5294.8	22.6
2007190	5286.7	22.9
2007191	5339.3	22.9
2007192	5311.0	22.7
2007193	5274.5	22.8
2007194	5331.2	22.9
2007195	5327.2	23.0
2007196	5270.5	23.2
2007197	5274.6	23.6
2007198	5258.4	23.5
2007199	5270.5	23.6
2007200	5213.9	23.4
2007201	5222.0	23.2
2007202	5274.5	22.7
2007203	5213.9	22.1
2007204	5254.3	21.7
2007205	5270.5	21.3
2007206	5209.8	21.2
2007207	5205.8	21.1
2007208	5290.7	21.4
2007209	5286.7	21.6
2007210	5294.7	21.8
2007211	5302.9	21.9
2007212	5201.7	22.3
2007213	5278.6	22.5
2007214	5197.7	23.0
2007215	5141.1	23.6
2007216	5286.7	23.9
2007217	5169.4	23.9
2007218	5266.5	24.2
2007219	5242.2	24.6
2007220	5193.6	25.0
2007221	5226.0	25.1
2007222	5274.5	25.2
2007223	5254.3	25.1
2007224	5319.1	25.2
2007225	5315.0	25.1
2007226	5311.0	24.8
2007227	5294.8	24.5
2007228	5294.8	24.2
2007229	5242.2	23.8
2007230	5262.4	23.3
2007231	5189.6	22.9
2007232	5161.3	22.3
2007233	5266.4	21.8
2007234	5258.3	21.6
2007235	5149.2	21.8
2007236	5124.9	21.9
2007237	5209.8	21.8
2007238	5315.0	21.5
2007239	5226.0	21.4
2007240	5217.9	21.5
2007241	5213.9	21.7
2007242	5234.1	21.3
2007243	5234.1	21.1
2007244	5193.6	21.3
2007245	5274.6	21.6
2007246	5173.4	22.1
2007247	5222.0	22.3
2007248	5213.9	22.4
2007249	5181.5	22.4
2007250	5197.7	22.3
2007251	5217.9	22.3
2007252	5359.5	22.3
2007253	5217.9	22.3
2007254	5306.9	21.9
2007255	5367.6	21.0
2007256	5416.1	20.7
2007257	5387.8	20.6
2007258	5456.5	20.0
2007259	5444.4	19.4
2007260	5391.8	18.8
2007261	5379.7	18.5
2007262	5400.0	18.3
2007263	5343.3	18.0
2007264	5335.2	17.8
2007265	5432.3	17.6
2007266	5408.0	17.4
2007267	5335.2	17.6
2007268	5424.2	18.2
2007269	5391.8	18.6
2007270	5391.9	18.8
2007271	5432.3	18.8
2007272	5472.7	19.1
2007273	5638.6	19.6
2007274	5594.1	19.8
2007275	5488.9	19.8
2007276	5464.6	19.6
2007277	5590.0	19.5
2007278	5525.3	19.6
2007279	5351.4	20.0
2007280	5505.1	20.5
2007281	5363.6	20.8
2007282	5412.1	20.3
2007283	5400.0	19.8
2007284	5460.7	19.3
2007285	5302.9	18.7
2007286	5525.4	18.2
2007287	5529.4	17.7
2007288	5557.7	17.5
2007289	5569.9	17.4
2007290	5541.5	17.4
2007291	5517.3	17.4
2007292	5335.2	17.1
2007293	5472.7	16.4
2007294	5679.0	16.0
2007295	5630.5	15.5
2007296	5497.0	15.0
2007297	5577.9	14.9
2007298	5569.8	14.8
2007299	5509.1	15.1
2007300	5464.6	15.1
2007301	5577.9	14.9
2007302	5679.0	14.3
2007303	5658.8	13.9
2007304	5687.1	13.5
2007305	5739.7	12.5
2007306	5602.2	11.7
2007307	5687.1	11.1
2007308	5590.0	10.2
2007309	5614.3	9.5
2007310	5464.7	8.9
2007311	5606.2	8.4
2007312	5565.8	8.0
2007313	5436.4	7.6
2007314	5662.9	7.3
2007315	5501.1	7.2
2007316	5460.6	7.5
2007317	5456.6	7.3
2007318	5553.7	7.3
2007319	5440.4	7.2
2007320	5517.2	6.9
2007321	5468.7	6.5
2007322	5553.7	6.2
2007323	5323.1	6.0
2007324	5505.1	6.5
2007325	5387.8	6.9
2007326	5549.6	6.7
2007327	5428.2	6.1
2007328	5577.9	5.7
2007329	5476.8	5.4
2007330	5432.3	4.7
2007331	5666.9	4.1
2007332	5557.7	3.2
2007333	5606.2	3.0
2007334	5638.5	2.8
2007335	5707.3	2.3
2007336	5622.3	2.6
2007337	5598.1	2.2
2007338	5476.8	1.2
2007339	5545.5	0.2
2007340	5630.5	0.1
2007341	5586.0	0.1
2007342	5521.2	0.1
2007343	5436.3	0.1
2007344	5509.1	0.1
2007345	5533.4	0.1
2007346	5444.4	0.1
2007347	5484.9	0.1
2007348	5355.5	0.1
2007349	5444.5	0.1
2007350	5355.4	0.1
2007351	5452.5	0.1
2007352	5343.3	0.1
2007353	5420.2	0.1
2007354	5323.1	0.1
2007355	5347.4	0.1
2007356	5468.7	0.1
2007357	5557.7	0.1
2007358	5424.2	0.1
2007359	5383.8	0.1
2007360	5412.1	0.1
2007361	5420.2	0.1
2007362	5606.2	0.1
2007363	5408.1	0.1
2007364	5355.5	0.1
2007365	5428.3	0.1
2008001	5274.6	0.1
2008002	5387.8	3.2
2008003	5258.3	3.2
2008004	5112.7	3.2
2008005	5039.9	3.2
2008006	5157.3	3.2
2008007	5052.1	3.2
2008008	4963.1	3.2
2008009	4781.0	3.2
2008010	4724.4	3.2
2008011	4465.5	3.2
2008012	4599.0	3.2
2008013	4898.3	3.1
2008014	4651.6	2.9
2008015	4526.2	2.7
2008016	4376.5	2.8
2008017	4390.3	3.4
2008018	4437.2	3.3
2008019	4562.6	2.7
2008020	4635.4	1.4
2008021	4542.4	0.1
2008022	4518.1	0.1
2008023	4392.7	0.1
2008024	4667.7	0.1
2008025	4493.8	0.1
2008026	4348.2	0.1
2008027	4469.5	0.1
2008028	4534.3	0.1
2008029	4501.9	0.1
2008030	4400.8	0.1
2008031	4542.4	0.1
2008032	4518.1	0.1
2008033	4501.9	0.1
2008034	4497.9	0.1
2008035	4566.6	0.1
2008036	4501.9	0.1
2008037	4566.6	0.1
2008038	4615.2	0.1
2008039	4497.9	0.1
2008040	4360.3	0.1
2008041	4283.5	0.1
2008042	4530.2	0.1
2008043	4586.8	0.1
2008044	4465.5	0.1
2008045	4340.1	0.1
2008046	4380.6	0.1
2008047	4461.5	0.1
2008048	4497.9	0.1
2008049	4526.2	0.1
2008050	4627.3	0.1
2008051	4542.4	0.1
2008052	4408.9	0.1
2008053	4518.1	0.1
2008054	4724.4	0.1
2008055	4874.1	0.1
2008056	4942.8	0.1
2008057	4789.1	0.1
2008058	4821.5	0.1
2008059	4825.6	0.1
2008060	4781.0	0.1
2008061	4894.3	0.1
2008062	4740.6	0.1
2008063	4922.6	0.1
2008064	4930.7	0.1
2008065	4898.3	0.1
2008066	4853.9	0.1
2008067	4910.5	0.1
2008068	5124.9	0.1
2008069	5294.7	0.1
2008070	5149.2	0.1
2008071	5335.2	0.1
2008072	5185.6	0.1
2008073	5379.7	0.1
2008074	5525.4	0.1
2008075	5501.1	0.1
2008076	5517.3	0.1
2008077	5395.9	0.1
2008078	5359.5	0.1
2008079	5408.1	0.2
2008080	5282.7	0.4
2008081	5274.6	0.4
2008082	5197.7	0.8
2008083	5088.5	1.1
2008084	5165.3	1.3
2008085	5286.7	1.6
2008086	5359.5	2.0
2008087	5258.4	1.8
2008088	5343.3	1.5
2008089	5476.8	1.3
2008090	5217.9	1.6
2008091	5404.0	2.5
2008092	5391.9	2.7
2008093	5412.1	2.5
2008094	5359.5	2.6
2008095	5480.8	3.1
2008096	5541.5	3.7
2008097	5456.6	4.4
2008098	5375.7	5.5
2008099	5436.4	6.1
2008100	5387.8	6.5
2008101	5488.9	6.8
2008102	5472.8	7.7
2008103	5367.6	8.1
2008104	5302.9	8.1
2008105	5387.8	7.8
2008106	5290.8	7.7
2008107	5129.0	8.4
2008108	5379.7	9.2
2008109	5165.3	10.1
2008110	5230.1	10.7
2008111	5226.0	11.2
2008112	5513.2	11.3
2008113	4781.851	5.97
2008114	4743.582	6.16
2008115	4850.356	6.35
2008116	4663.518	6.54
2008117	4715.521	6.73
2008118	4850.288	6.93
2008119	4911.81	7.13
2008120	4959.953	7.33
2008121	5037.447	7.53
2008122	4691.265	7.73
2008123	4669.316	7.93
2008124	4759.21	8.14
2008125	4811.06	8.34
2008126	4973.372	8.55
2008127	4847.991	8.76
2008128	4823.197	8.96
2008129	4898.966	9.17
2008130	4988.249	9.38
2008131	4909.865	9.59
2008132	5013.892	9.81
2008133	4749.667	10.02
2008134	5056.264	10.23
2008135	4887.007	10.44
2008136	4944.691	10.65
2008137	4962.167	10.87
2008138	5000.135	11.08
2008139	5111.516	11.29
2008140	5169.744	11.5
2008141	5121.628	11.71
2008142	5124.553	11.92
2008143	5066.855	12.14
2008144	5195.28	12.35
2008145	5001.331	12.56
2008146	5027.368	12.76
2008147	4868.79	12.97
2008148	4975.376	13.18
2008149	5230.854	13.38
2008150	4870.5	13.59
2008151	5006.733	13.79
2008152	4939.997	14
2008153	5142.606	14.2
2008154	5085.549	14.4
2008155	5119.718	14.6
2008156	5160.629	14.79
2008157	5092.09	14.99
2008158	5093.232	15.18
2008159	5123.791	15.38
2008160	5139.843	15.57
2008161	5148.34	15.76
2008162	5168.07	15.94
2008163	5190.557	16.13
2008164	5286.95	16.31
2008165	5104.737	16.49
2008166	5190.075	16.67
2008167	5242.573	16.85
2008168	5230.464	17.02
2008169	5368.667	17.2
2008170	5280.582	17.37
2008171	5295.247	17.53
2008172	5240.406	17.7
2008173	5268.269	17.86
2008174	5253.685	18.02
2008175	5322.514	18.18
2008176	5378.985	18.33
2008177	5354.449	18.49
2008178	5286.412	18.64
2008179	5376.281	18.78
2008180	5382.106	18.93
2008181	5442.563	19.07
2008182	5492.921	19.2
2008183	5433.126	19.34
2008184	5233.68	19.47
2008185	5207.504	19.6
2008186	5344.541	19.73
2008187	5235.694	19.85
2008188	5210.216	19.97
2008189	5221.334	20.09
2008190	5163.045	20.2
2008191	5208.454	20.31
2008192	5291.543	20.42
2008193	5114.924	20.52
2008194	5196.249	20.62
2008195	5085.557	20.72
2008196	5308.686	20.81
2008197	5237.933	20.9
2008198	5125.155	20.99
2008199	5231.978	21.07
2008200	5187.329	21.15
2008201	5257.846	21.23
2008202	5223.249	21.3
2008203	5323.377	21.37
2008204	5306.197	21.43
2008205	5288.411	21.49
2008206	5360.243	21.55
2008207	5432.023	21.61
2008208	5223.256	21.66
2008209	5356.553	21.7
2008210	5353.375	21.75
2008211	5257.479	21.79
2008212	5179.646	21.82
2008213	5342.934	21.86
2008214	5328.456	21.88
2008215	5299.856	21.91
2008216	5327.015	21.93
2008217	5298.164	21.95
2008218	5221.292	21.96
2008219	5356.499	21.97
2008220	5357.705	21.98
2008221	5387.617	21.98
2008222	5369.888	21.98
2008223	5393.049	21.97
2008224	5490.318	21.96
2008225	5360.087	21.95
2008226	5237.49	21.94
2008227	5283.993	21.92
2008228	5373.815	21.89
2008229	5295.525	21.86
2008230	5366.14	21.83
2008231	5395.15	21.8
2008232	5389.016	21.76
2008233	5280.705	21.72
2008234	5071.355	21.67
2008235	5128.666	21.62
2008236	5217.58	21.57
2008237	5228.204	21.51
2008238	5357.457	21.45
2008239	5337.494	21.39
2008240	5001.449	21.32
2008241	5165.17	21.25
2008242	5247.408	21.17
2008243	5289.833	21.09
2008244	5272.648	21.01
2008245	5238.695	20.93
2008246	5168.734	20.84
2008247	5240.863	20.74
2008248	5330.488	20.65
2008249	5129.74	20.55
2008250	5283.591	20.45
2008251	5337.395	20.34
2008252	5328.254	20.23
2008253	5388.389	20.12
2008254	5396.617	20
2008255	5224.322	19.88
2008256	5278.267	19.76
2008257	5289.911	19.64
2008258	5172.444	19.51
2008259	5398.379	19.38
2008260	5617.814	19.24
2008261	5569.483	19.11
2008262	5562.442	18.97
2008263	5478.846	18.82
2008264	5399.638	18.68
2008265	5444.938	18.53
2008266	5407.306	18.38
2008267	5195.324	18.22
2008268	5197.642	18.07
2008269	5251.573	17.91
2008270	5232.2	17.75
2008271	5135.444	17.58
2008272	5286.365	17.42
2008273	5320.576	17.25
2008274	5189.882	17.07
2008275	5776.6	17.8
2008276	5776.6	17.4
2008277	5606.7	16.8
2008278	5606.7	16.0
2008279	5521.7	15.5
2008280	5521.7	15.0
2008281	5521.7	14.5
2008282	5606.7	14.3
2008283	5804.9	14.0
2008284	5663.3	13.6
2008285	5550.0	13.6
2008286	5635.0	13.6
2008287	5578.4	13.8
2008288	5550.0	13.9
2008289	5578.4	14.2
2008290	5635.0	14.2
2008291	5550.0	14.2
2008292	5748.3	14.2
2008293	5578.4	14.1
2008294	5635.0	14.2
2008295	5804.9	13.7
2008296	5521.7	13.0
2008297	5550.0	12.4
2008298	5578.4	12.0
2008299	5550.0	11.5
2008300	5635.0	10.9
2008301	5748.3	9.9
2008302	5804.9	9.1
2008303	5719.9	8.3
2008304	5295.2	7.9
2008305	5380.2	8.1
2008306	5493.4	8.1
2008307	5436.8	8.1
2008308	5578.4	8.1
2008309	5606.7	8.8
2008310	5606.7	9.4
2008311	5606.7	9.8
2008312	5408.5	10.0
2008313	5436.8	9.7
2008314	5748.3	9.2
2008315	5465.1	8.8
2008316	5323.5	8.5
2008317	5210.3	8.7
2008318	5125.3	9.1
2008319	5238.6	9.0
2008320	5776.6	8.8
2008321	5946.5	8.3
2008322	5861.5	7.3
2008323	5776.6	6.1
2008324	5408.5	5.1
2008325	5889.8	4.1
2008326	5776.6	3.1
2008327	5578.4	2.5
2008328	5465.1	2.0
2008329	5323.5	2.1
2008330	5719.9	2.2
2008331	5578.4	1.9
2008332	5380.2	1.2
2008333	5578.4	0.6
2008334	5266.9	0.3
2008335	5323.5	0.2
2008336	5521.7	0.3
2008337	5323.5	0.3
2008338	4983.7	0.6
2008339	5465.1	0.5
2008340	5351.8	0.3
2008341	5012.0	0.2
2008342	5578.4	0.1
2008343	5125.3	0.1
2008344	5266.9	0.1
2008345	5521.7	0.1
2008346	5465.1	0.1
2008347	5550.0	0.1
2008348	5012.0	0.1
2008349	5012.0	0.1
2008350	5323.5	0.1
2008351	5210.3	0.1
2008352	5408.5	0.1
2008353	5380.2	0.1
2008354	5521.7	0.1
2008355	5436.8	0.1
2008356	5323.5	0.1
2008357	5097.0	0.1
2008358	3936.0	0.1
2008359	4049.3	0.1
2008360	5323.5	0.1
2008361	4955.4	0.1
2008362	5068.7	0.1
2008363	5606.7	0.1
2008364	5635.0	0.1
2008365	6116.4	0.1
2008366	6201.3	0.1
2009001	5351.8	0.1
2009002	5635.0	0.1
2009003	5606.7	0.1
2009004	5550.0	0.1
2009005	5635.0	0.1
2009006	5266.9	0.1
2009007	5295.2	0.1
2009008	5833.2	0.1
2009009	5493.4	0.1
2009010	5181.9	0.1
2009011	5210.3	0.1
2009012	5210.3	0.1
2009013	5408.5	0.1
2009014	5012.0	0.1
2009015	4728.9	0.1
2009016	4162.5	0.1
2009017	4105.9	0.1
2009018	4304.1	0.1
2009019	4360.8	0.1
2009020	4332.4	0.1
2009021	4219.2	0.1
2009022	4389.1	0.1
2009023	4474.0	0.1
2009024	4502.3	0.1
2009025	4502.3	0.1
2009026	4247.5	0.1
2009027	4304.1	0.1
2009028	4360.8	0.1
2009029	4360.8	0.1
2009030	4502.3	0.1
2009031	4445.7	0.1
2009032	4247.5	0.1
2009033	4445.7	0.1
2009034	4502.3	0.1
2009035	4643.9	0.1
2009036	4785.5	0.1
2009037	4587.3	0.1
2009038	4417.4	0.1
2009039	4615.6	0.1
2009040	4813.8	0.1
2009041	4898.8	0.1
2009042	5181.9	0.1
2009043	6088.1	0.1
2009044	6286.3	0.1
2009045	6258.0	0.1
2009046	6258.0	0.1
2009047	6173.0	0.1
2009048	5974.8	0.1
2009049	5776.6	0.7
2009050	6144.7	1.4
2009051	5663.3	1.4
2009052	5097.0	0.8
2009053	5493.4	0.4
2009054	5295.2	0.1
2009055	5181.9	0.1
2009056	5125.3	0.1
2009057	5210.3	0.1
2009058	5436.8	0.1
2009059	5436.8	0.1
2009060	5691.6	0.1
2009061	5351.8	0.1
2009062	5436.8	0.1
2009063	5436.8	0.1
2009064	5380.2	0.1
2009065	5323.5	0.1
2009066	5606.7	0.1
2009067	5408.5	0.1
2009068	6031.4	0.1
2009069	5719.9	1.0
2009070	6144.7	1.3
2009071	6201.3	0.7
2009072	5946.5	0.4
2009073	6031.4	1.1
2009074	5889.8	1.9
2009075	5776.6	3.0
2009076	5691.6	4.2
2009077	5635.0	5.2
2009078	5719.9	5.0
2009079	5663.3	4.2
2009080	5493.4	4.0
2009081	5635.0	3.8
2009082	5323.5	3.6
2009083	5040.4	3.4
2009084	5125.3	3.7
2009085	5521.7	4.5
2009086	5436.8	5.2
2009087	5606.7	5.4
2009088	5380.2	5.4
2009089	5776.6	5.3
2009090	5238.6	5.0
2009091	5153.6	5.0
2009092	5380.2	5.7
2009093	5606.7	6.2
2009094	5748.3	6.5
2009095	5550.0	6.6
2009096	6059.7	6.7
2009097	6173.0	6.4
2009098	5861.5	6.2
2009099	5663.3	6.2
2009100	5804.9	6.1
2009101	5804.9	6.1
2009102	5606.7	6.0
2009103	5351.8	5.9
2009104	5351.8	6.0
2009105	5691.6	5.9
2009106	5719.9	5.7
2009107	5606.7	6.1
2009108	5465.1	6.8
2009109	5097.0	7.0
2009110	5068.7	7.5
2009111	5068.7	8.0
2009112	5635.0	8.2
2009113	5663.3	8.1
2009114	5181.9	9.0
2009115	5125.3	10.2
2009116	5493.4	11.3
2009117	5125.3	12.7
2009118	5776.6	13.2
2009119	5493.4	13.2
2009120	5578.4	13.6
2009121	5804.9	13.8
2009122	5521.7	13.6
2009123	5521.7	14.0
2009124	5606.7	14.4
2009125	5408.5	14.9
2009126	5351.8	15.4
2009127	5323.5	15.9
2009128	5465.1	15.8
2009129	5436.8	15.5
2009130	5550.0	15.0
2009131	5465.1	14.3
2009132	5465.1	14.3
2009133	5068.7	14.7
2009134	5210.3	14.9
2009135	5550.0	14.9
2009136	5436.8	15.1
2009137	5578.4	14.8
2009138	5380.2	14.5
2009139	5153.6	14.7
2009140	5351.8	15.2
2009141	5436.8	15.8
2009142	5550.0	15.7
2009143	5238.6	15.9
2009144	5550.0	16.2
2009145	5351.8	16.5
2009146	5521.7	16.7
2009147	5918.2	17.2
2009148	5663.3	17.1
2009149	5748.3	17.3
2009150	5465.1	17.4
2009151	5521.7	17.5
2009152	5408.5	18.0
2009153	5578.4	17.6
2009154	5550.0	17.0
2009155	5493.4	16.3
2009156	5521.7	16.3
2009157	5606.7	16.1
2009158	5465.1	16.2
2009159	5323.5	16.3
2009160	5606.7	16.5
2009161	5380.2	16.3
2009162	5493.4	16.1
2009163	5606.7	16.0
2009164	5380.2	16.0
2009165	5465.1	16.4
2009166	5578.4	16.5
2009167	5606.7	17.0
2009168	5550.0	17.5
2009169	5521.7	18.0
2009170	5351.8	18.3
2009171	5635.0	18.9
2009172	5691.6	19.0
2009173	5861.5	19.3
2009174	5776.6	19.6
2009175	5663.3	20.2
2009176	5550.0	21.0
2009177	5691.6	21.4
2009178	5663.3	21.8
2009179	5606.7	22.2
2009180	5380.2	22.4
2009181	5635.0	22.3
2009182	5380.2	22.1
2009183	5521.7	21.9
2009184	5550.0	21.9
2009185	5493.4	21.5
2009186	5550.0	21.5
2009187	5606.7	21.5
2009188	5578.4	21.1
2009189	5521.7	20.5
2009190	5578.4	20.0
2009191	5635.0	19.9
2009192	5635.0	20.0
2009193	5408.5	19.7
2009194	5578.4	19.6
2009195	5436.8	19.8
2009196	5323.5	20.1
2009197	5578.4	20.5
2009198	5521.7	20.5
2009199	5550.0	20.5
2009200	5436.8	20.3
2009201	5436.8	20.2
2009202	5408.5	20.4
2009203	5465.1	20.5
2009204	5436.8	20.6
2009205	5408.5	20.6
2009206	5323.5	20.6
2009207	5351.8	20.7
2009208	5436.8	20.9
2009209	5210.3	21.2
2009210	5493.4	21.1
2009211	5408.5	21.0
2009212	5436.8	21.1
2009213	5153.6	21.4
2009214	5550.0	21.6
2009215	5012.0	21.7
2009216	5408.5	21.9
2009217	5266.9	21.9
2009218	5465.1	21.9
2009219	5408.5	21.9
2009220	5210.3	21.8
2009221	5493.4	22.2
2009222	5663.3	22.5
2009223	5748.3	22.5
2009224	5493.4	22.5
2009225	5436.8	22.6
2009226	5550.0	22.7
2009227	5493.4	22.9
2009228	5465.1	23.3
2009229	5465.1	23.6
2009230	5465.1	23.6
2009231	5408.5	23.8
2009232	5012.0	24.1
2009233	5266.9	24.2
2009234	5578.4	23.9
2009235	5493.4	23.3
2009236	5465.1	22.8
2009237	5606.7	22.6
2009238	6229.6	22.3
2009239	5606.7	21.9
2009240	5380.2	21.5
2009241	5635.0	21.1
2009242	5833.2	20.4
2009243	5635.0	19.6
2009244	5635.0	19.0
2009245	5663.3	18.6
2009246	5578.4	18.2
2009247	5493.4	17.9
2009248	5436.8	18.0
2009249	5351.8	18.1
2009250	5380.2	18.2
2009251	5323.5	18.2
2009252	5380.2	18.4
2009253	5351.8	18.7
2009254	5266.9	18.9
2009255	5465.1	18.8
2009256	5436.8	19.1
2009257	5521.7	19.6
2009258	5521.7	20.0
2009259	5380.2	19.9
2009260	5465.1	19.7
2009261	5578.4	19.7
2009262	5550.0	19.3
2009263	5635.0	19.2
2009264	5436.8	19.3
2009265	5521.7	19.5
2009266	5493.4	19.6
2009267	5436.8	19.4
2009268	5351.8	19.2
2009269	5550.0	19.2
2009270	5578.4	19.1
2009271	5691.6	18.5
2009272	5776.6	17.8
2009273	5748.3	17.4
2009274	5663.3	16.9
2009275	5493.4	16.6
2009276	5408.5	16.5
2009277	5833.2	16.1
2009278	5804.9	15.3
2009279	5436.8	14.5
2009280	5833.2	13.6
2009281	5550.0	13.0
2009282	5861.5	12.5
2009283	5833.2	11.9
2009284	5974.8	11.1
2009285	5861.5	10.6
2009286	6059.7	10.2
2009287	6003.1	9.9
2009288	5946.5	9.5
2009289	5861.5	8.9
2009290	5946.5	8.3
2009291	5776.6	7.9
2009292	5578.4	7.8
2009293	5776.6	7.8
2009294	5691.6	8.2
2009295	5804.9	8.4
2009296	5436.8	8.5
2009297	5748.3	8.4
2009298	5635.0	8.6
2009299	5550.0	8.9
2009300	5719.9	9.3
2009301	5719.9	9.8
2009302	5606.7	10.4
2009303	5493.4	11.2
2009304	5663.3	11.5
2009305	5691.6	11.6
2009306	5550.0	11.4
2009307	5918.2	10.9
2009308	5663.3	10.0
2009309	5918.2	9.5
2009310	5691.6	9.0
2009311	5578.4	9.4
2009312	5804.9	9.5
2009313	5748.3	9.7
2009314	5861.5	9.4
2009315	5861.5	9.0
2009316	5918.2	8.5
2009317	5804.9	8.0
2009318	5776.6	8.0
2009319	5861.5	8.3
2009320	5861.5	8.4
2009321	5719.9	8.5
2009322	5889.8	8.9
2009323	5776.6	9.1
2009324	5889.8	9.4
2009325	5719.9	9.0
2009326	5635.0	8.7
2009327	5691.6	8.2
2009328	5776.6	8.2
2009329	5691.6	8.4
2009330	5606.7	8.4
2009331	5974.8	8.0
2009332	5606.7	7.5
2009333	5691.6	7.2
2009334	5719.9	6.9
2009335	5719.9	6.8
2009336	5691.6	6.4
2009337	5918.2	6.1
2009338	5833.2	5.4
2009339	5719.9	4.6
2009340	5550.0	4.1
2009341	5719.9	3.6
2009342	5606.7	3.0
2009343	5181.9	2.4
2009344	5946.5	1.5
2009345	5776.6	0.8
2009346	5380.2	0.4
2009347	5578.4	0.1
2009348	5521.7	0.1
2009349	5804.9	0.1
2009350	5635.0	0.1
2009351	5663.3	0.1
2009352	5408.5	0.1
2009353	5493.4	0.1
2009354	5578.4	0.1
2009355	5663.3	0.1
2009356	5635.0	0.1
2009357	5578.4	0.1
2009358	5436.8	0.1
2009359	5295.2	0.1
2009360	5436.8	0.1
2009361	5493.4	0.1
2009362	5889.8	0.1
2009363	5691.6	0.1
2009364	5351.8	0.1
2009365	5606.7	0.1
2010001	5889.8	0.1
2010002	5295.2	0.1
2010003	5040.4	0.1
2010004	5351.8	0.1
2010005	5663.3	0.1
2010006	5663.3	0.1
2010007	5465.1	0.1
2010008	5436.8	0.1
2010009	5181.9	0.1
2010010	4898.8	0.1
2010011	4389.1	0.1
2010012	4162.5	0.1
2010013	3907.7	0.1
2010014	4134.2	0.1
2010015	4275.8	0.1
2010016	4360.8	0.1
2010017	4417.4	0.1
2010018	4530.7	0.1
2010019	4643.9	0.1
2010020	4898.8	0.1
2010021	4757.2	0.1
2010022	5040.4	0.1
2010023	4983.7	0.1
2010024	4757.2	0.1
2010025	4870.5	0.1
2010026	4983.7	0.2
2010027	4983.7	0.1
2010028	5266.9	0.1
2010029	4785.5	0.1
2010030	4870.5	0.1
2010031	5068.7	0.1
2010032	4927.1	0.1
2010033	4870.5	0.1
2010034	4983.7	0.1
2010035	5097.0	0.1
2010036	5012.0	0.1
2010037	4927.1	0.1
2010038	4785.5	0.1
2010039	4332.4	0.1
2010040	3822.7	0.1
2010041	3851.1	0.1
2010042	3482.9	0.1
2010043	3341.4	0.1
2010044	3341.4	0.1
2010045	3454.6	0.1
2010046	3284.7	0.1
2010047	3482.9	0.1
2010048	3567.9	0.1
2010049	3567.9	0.1
2010050	3709.5	0.1
2010051	3766.1	0.1
2010052	3851.1	0.1
2010053	3992.6	0.1
2010054	4247.5	0.1
2010055	4445.7	0.1
2010056	4672.2	0.1
2010057	4955.4	0.1
2010058	4870.5	0.1
2010059	4927.1	0.1
2010060	5040.4	0.1
2010061	5125.3	0.1
2010062	5266.9	0.1
2010063	5380.2	0.1
2010064	5465.1	0.1
2010065	5521.7	0.1
2010066	5578.4	0.1
2010067	5578.4	0.4
2010068	5550.0	1.1
2010069	5635.0	2.1
2010070	5578.4	3.1
2010071	5748.3	3.9
2010072	5210.3	4.3
2010073	5550.0	4.4
2010074	5833.2	5.0
2010075	5918.2	5.6
2010076	6003.1	6.1
2010077	5833.2	6.9
2010078	5748.3	7.7
2010079	5861.5	7.8
2010080	5578.4	7.8
2010081	5408.5	7.7
2010082	5097.0	7.7
2010083	4615.6	7.6
2010084	4587.3	7.1
2010085	4474.0	6.4
2010086	4615.6	6.1
2010087	5068.7	6.2
2010088	5521.7	5.9
2010089	5635.0	5.7
2010090	5436.8	5.9
2010091	5351.8	6.3
2010092	5323.5	6.8
2010093	5210.3	7.7
2010094	5181.9	8.3
2010095	5266.9	9.2
2010096	5210.3	10.0
2010097	5238.6	10.7
2010098	5238.6	11.0
2010099	5691.6	11.5
2010100	5493.4	12.0
2010101	5861.5	12.4
2010102	5635.0	12.8
2010103	5380.2	13.1
2010104	5380.2	13.2
2010105	5380.2	13.2
2010106	5465.1	12.8
2010107	5521.7	12.1
2010108	5493.4	11.7
2010109	5351.8	11.2
2010110	5380.2	10.6
2010111	5436.8	10.3
2010112	5351.8	10.2
2010113	5238.6	10.6
2010114	5238.6	10.8
2010115	5181.9	10.7
2010116	5663.3	10.9
2010117	5776.6	10.7
2010118	5635.0	10.5
2010119	5210.3	10.0
2010120	5153.6	10.4
2010121	5181.9	11.4
2010122	5181.9	12.2
2010123	5266.9	12.9
2010124	5210.3	13.4
2010125	5181.9	13.9
2010126	5323.5	14.4
2010127	5068.7	14.6
2010128	5663.3	14.2
2010129	5550.0	14.0
2010130	5295.2	13.7
2010131	5606.7	13.7
2010132	5889.8	13.7
2010133	5663.3	13.7
2010134	5578.4	13.6
2010135	5550.0	13.2
2010136	5408.5	12.7
2010137	5380.2	12.3
2010138	5295.2	11.9
2010139	5465.1	11.6
2010140	5380.2	12.0
2010141	5181.9	12.4
2010142	5266.9	13.2
2010143	5153.6	14.1
2010144	5125.3	15.0
2010145	5238.6	16.0
2010146	5153.6	17.0
2010147	5238.6	17.9
2010148	5266.9	18.4
2010149	5408.5	18.8
2010150	5323.5	19.5
2010151	5295.2	20.2
2010152	5408.5	21.0
2010153	5238.6	21.4
2010154	5068.7	21.5
2010155	5040.4	21.6
2010156	5125.3	21.8
2010157	5238.6	21.6
2010158	5323.5	21.3
2010159	5266.9	20.8
2010160	5210.3	20.6
2010161	5380.2	20.5
2010162	5210.3	20.3
2010163	5465.1	20.7
2010164	5295.2	20.7
2010165	5181.9	20.5
2010166	5153.6	20.4
2010167	5436.8	20.6
2010168	5153.6	20.6
2010169	5068.7	20.8
2010170	5606.7	21.0
2010171	5351.8	21.5
2010172	5040.4	22.0
2010173	5125.3	22.7
2010174	5040.4	23.0
2010175	5408.5	23.1
2010176	5323.5	23.2
2010177	5153.6	23.2
2010178	5323.5	23.3
2010179	5380.2	23.5
2010180	5351.8	23.3
2010181	5351.8	22.8
2010182	5380.2	22.6
2010183	5380.2	22.3
2010184	5521.7	22.2
2010185	5663.3	22.4
2010186	5550.0	22.9
2010187	5181.9	23.1
2010188	5210.3	23.4
2010189	5238.6	23.7
2010190	5266.9	23.9
2010191	5323.5	23.8
2010192	5266.9	24.0
2010193	5351.8	24.0
2010194	5465.1	24.3
2010195	5380.2	24.8
2010196	5295.2	25.4
2010197	5578.4	25.9
2010198	5521.7	26.1
2010199	5238.6	26.1
2010200	5380.2	25.6
2010201	5097.0	25.2
2010202	5323.5	25.1
2010203	5295.2	24.7
2010204	5295.2	24.9
2010205	5380.2	25.1
2010206	5380.2	24.9
2010207	5351.8	24.8
2010208	5550.0	24.9
2010209	5465.1	25.0
2010210	5351.8	24.7
2010211	5351.8	24.5
2010212	5153.6	24.1
2010213	5295.2	24.0
2010214	5351.8	24.0
2010215	5323.5	24.3
2010216	5380.2	24.2
2010217	5351.8	24.4
2010218	5266.9	24.0
2010219	4983.7	23.6
2010220	5181.9	23.8
2010221	5266.9	24.0
2010222	5436.8	24.1
2010223	5408.5	24.0
2010224	5465.1	24.2
2010225	5181.9	24.5
2010226	5153.6	24.8
2010227	5238.6	25.1
2010228	5351.8	25.0
2010229	5238.6	24.8
2010230	5238.6	24.6
2010231	5295.2	24.5
2010232	5210.3	24.6
2010233	5266.9	24.7
2010234	5238.6	24.5
2010235	5238.6	24.2
2010236	5181.9	23.8
2010237	5295.2	23.6
2010238	5295.2	23.1
2010239	5238.6	22.6
2010240	5238.6	22.3
2010241	5238.6	22.0
2010242	5210.3	22.3
2010243	5125.3	22.7
2010244	5012.0	23.0
2010245	5153.6	22.9
2010246	5125.3	22.7
2010247	5493.4	22.2
2010248	5295.2	21.8
2010249	5295.2	21.7
2010250	4983.7	21.9
2010251	5465.1	21.5
2010252	5691.6	21.4
2010253	5550.0	21.2
2010254	5465.1	20.7
2010255	5663.3	20.5
2010256	5408.5	20.0
2010257	5578.4	19.2
2010258	5408.5	18.5
2010259	5550.0	18.1
2010260	5578.4	17.7
2010261	5493.4	17.7
2010262	5578.4	17.7
2010263	5465.1	17.6
2010264	5295.2	17.6
2010265	5465.1	17.8
2010266	5266.9	18.3
2010267	5040.4	18.8
2010268	5663.3	18.7
2010269	5380.2	18.2
2010270	5436.8	17.6
2010271	5804.9	17.3
2010272	5436.8	17.3
2010273	5493.4	17.1
2010274	5663.3	17.1
2010275	5833.2	16.6
2010276	5691.6	16.1
2010277	5748.3	15.6
2010278	5748.3	14.8
2010279	5719.9	14.4
2010280	5748.3	13.9
2010281	5663.3	13.4
2010282	5578.4	13.5
2010283	5550.0	14.0
2010284	5493.4	14.3
2010285	5408.5	14.2
2010286	5436.8	14.0
2010287	5691.6	13.7
2010288	5606.7	13.6
2010289	5493.4	13.7
2010290	5521.7	14.0
2010291	5380.2	14.1
2010292	5408.5	13.9
2010293	5380.2	13.7
2010294	5663.3	13.2
2010295	5521.7	12.6
2010296	5493.4	12.5
2010297	5380.2	12.4
2010298	5295.2	12.3
2010299	5097.0	12.7
2010300	4785.5	12.9
2010301	5748.3	12.8
2010302	5635.0	12.5
2010303	5436.8	12.4
2010304	5550.0	11.9
2010305	5521.7	11.1
2010306	5351.8	10.7
2010307	5465.1	10.2
2010308	5606.7	10.1
2010309	5635.0	9.7
2010310	5295.2	8.9
2010311	5295.2	8.1
2010312	5521.7	7.4
2010313	5408.5	6.8
2010314	5295.2	6.3
2010315	5408.5	6.2
2010316	5465.1	6.2
2010317	5465.1	6.1
2010318	5465.1	6.2
2010319	5493.4	6.6
2010320	5550.0	6.7
2010321	5833.2	7.0
2010322	5635.0	6.9
2010323	5266.9	6.9
2010324	5125.3	7.1
2010325	4955.4	7.3
2010326	5550.0	7.7
2010327	4842.1	7.6
2010328	5635.0	7.2
2010329	5295.2	6.9
2010330	5436.8	6.2
2010331	5663.3	5.7
2010332	5521.7	5.2
2010333	5295.2	5.0
2010334	5181.9	5.2
2010335	5436.8	4.5
2010336	5210.3	3.9
2010337	5295.2	3.7
2010338	5351.8	3.3
2010339	5578.4	2.5
2010340	5663.3	1.2
2010341	5550.0	0.4
2010342	5408.5	0.1
2010343	5125.3	0.1
2010344	5012.0	0.1
2010345	5210.3	0.1
2010346	5380.2	0.1
2010347	5776.6	0.1
2010348	5578.4	0.1
2010349	5040.4	0.1
2010350	5125.3	0.1
2010351	5266.9	0.1
2010352	4927.1	0.1
2010353	4813.8	0.1
2010354	5125.3	0.1
2010355	5125.3	0.1
2010356	5181.9	0.1
2010357	5408.5	0.1
2010358	5295.2	0.1
2010359	5266.9	0.1
2010360	5323.5	0.1
2010361	5238.6	0.1
2010362	5068.7	0.1
2010363	4842.1	0.1
2010364	4615.6	0.1
2010365	4672.2	0.1
2011001	5009.1	0.1
2011002	5773.2	0.1
2011003	5348.7	0.1
2011004	5122.3	0.1
2011005	5065.7	0.1
2011006	4924.2	0.1
2011007	5150.6	0.0
2011008	5094	0.0
2011009	4895.9	0.0
2011010	5207.2	0.0
2011011	4895.9	0.0
2011012	4895.9	0.1
2011013	5914.7	0.0
2011014	4952.6	0.1
2011015	4726.1	0.1
2011016	4612.9	0.1
2011017	5065.7	0.1
2011018	5122.3	0.1
2011019	5009.1	0.2
2011020	4980.8	0.1
2011021	4895.9	0.1
2011022	4612.9	0.1
2011023	4499.7	0.1
2011024	5405.3	0.1
2011025	5009.1	0.1
2011026	4782.7	0.1
2011027	5207.2	0.2
2011028	5037.4	0.1
2011029	5235.4	0.2
2011030	4726.1	0.2
2011031	4726.1	0.2
2011032	5178.9	0.1
2011033	5178.9	0.1
2011034	5150.6	0.1
2011035	5178.9	0.0
2011036	5207.2	0.0
2011037	5178.9	0.0
2011038	5405.3	0.0
2011039	5207.2	0.0
2011040	5263.8	0.1
2011041	5037.4	0.1
2011042	5716.6	0.1
2011043	5461.9	0.1
2011044	5150.6	0.1
2011045	4669.4	0.1
2011046	4697.8	0.2
2011047	4811	0.3
2011048	4952.6	0.3
2011049	5122.3	0.5
2011050	5178.9	0.9
2011051	5065.7	0.6
2011052	4867.6	0.1
2011053	4924.2	0.1
2011054	5065.7	0.1
2011055	5320.4	0.1
2011056	5490.2	0.2
2011057	4867.6	0.2
2011058	4980.8	0.2
2011059	4952.6	0.4
2011060	4867.6	0.5
2011061	5207.2	0.4
2011062	4697.8	0.4
2011063	5292.1	0.2
2011064	5320.4	0.5
2011065	5065.7	0.4
2011066	4499.7	0.4
2011067	4584.6	0.3
2011068	5037.4	0.3
2011069	5490.2	0.3
2011070	4867.6	0.3
2011071	4980.8	0.3
2011072	4867.6	0.4
2011073	5094	0.5
2011074	5094	0.8
2011075	4980.8	0.8
2011076	5094	0.6
2011077	4867.6	1.1
2011078	4782.7	2.7
2011079	4782.7	3.2
2011080	4726.1	2.7
2011081	4726.1	1.9
2011082	4811	0.6
2011083	4811	1.8
2011084	4924.2	2.3
2011085	5037.4	2.1
2011086	5405.3	1.9
2011087	4726.1	1.5
2011088	5122.3	1.7
2011089	5150.6	2.1
2011090	4697.8	2.3
2011091	5433.6	3.1
2011092	5122.3	3.6
2011093	5207.2	3.7
2011094	5037.4	3.3
2011095	5207.2	4.0
2011096	5348.7	3.9
2011097	5263.8	3.6
2011098	5065.7	3.7
2011099	5094	4.2
2011100	5065.7	5.1
2011101	5178.9	6.4
2011102	5207.2	6.4
2011103	5037.4	7.3
2011104	4980.8	7.9
2011105	4811	8.5
2011106	4782.7	7.9
2011107	4216.7	7.7
2011108	5178.9	6.8
2011109	4895.9	5.4
2011110	5009.1	5.4
2011111	5065.7	5.8
2011112	5377	5.9
2011113	5433.6	6.0
2011114	5744.9	7.5
2011115	5518.5	8.1
2011116	5065.7	8.6
2011117	5263.8	9.5
2011118	5263.8	10.0
2011119	5122.3	9.1
2011120	5207.2	8.9
2011121	4839.3	9.5
2011122	5207.2	10.4
2011123	5263.8	10.7
2011124	5178.9	10.1
2011125	4980.8	9.9
2011126	4952.6	10.5
2011127	4980.8	10.5
2011128	4952.6	10.8
2011129	4839.3	11.8
2011130	4782.7	12.4
2011131	5235.4	12.4
2011132	4980.8	13.3
2011133	5094	14.2
2011134	5178.9	14.4
2011135	5377	14.0
2011136	5660	13.3
2011137	5575.1	11.7
2011138	5292.1	11.2
2011139	5405.3	11.7
2011140	5348.7	12.1
2011141	5122.3	13.6
2011142	4924.2	14.9
2011143	4754.4	15.4
2011144	5178.9	15.6
2011145	4811	15.9
2011146	5207.2	15.3
2011147	5461.9	15.5
2011148	5235.4	15.1
2011149	5490.2	14.4
2011150	5461.9	14.5
2011151	5009.1	15.8
2011152	5178.9	16.1
2011153	5207.2	15.4
2011154	5065.7	15.9
2011155	5263.8	16.9
2011156	5150.6	18.2
2011157	4980.8	19.6
2011158	4811	20.6
2011159	4811	20.4
2011160	5094	19.7
2011161	4612.9	18.8
2011162	5065.7	18.2
2011163	5065.7	18.8
2011164	5094	19.0
2011165	5377	18.4
2011166	5235.4	18.5
2011167	5575.1	18.4
2011168	5688.3	18.3
2011169	5433.6	18.7
2011170	 5320 	19.3
2011171	 5434 	19.3
2011172	 5122 	19.8
2011173	 5037 	20.4
2011174	 5037 	20.6
2011175	 5235 	20.3
2011176	 5179 	19.8
2011177	 5235 	19.3
2011178	 4839 	20.2
2011179	 5122 	20.9
2011180	 5320 	21.0
2011181	 5434 	20.2
2011182	 5122 	21.0
2011183	 5009 	22.2
2011184	 5151 	22.5
2011185	 5122 	22.5
2011186	 5094 	22.8
2011187	 5349 	23.2
2011188	 5066 	23.3
2011189	 5207 	23.3
2011190	 5292 	23.7
2011191	 5094 	24.2
2011192	 5094 	24.4
2011193	 5235 	23.8
2011194	 5151 	23.9
2011195	 4953 	23.5
2011196	 4924 	23.5
2011197	 4981 	24.1
2011198	 5037 	24.7
2011199	 5179 	25.1
2011200	 4953 	25.3
2011201	 5037 	25.9
2011202	 5179 	26.1
2011203	 5122 	26.4
2011204	 5094 	26.3
2011205	 5122 	26.0
2011206	 5066 	26.5
2011207	 5151 	26.3
2011208	 5066 	25.8
2011209	 5235 	25.4
2011210	 5235 	25.5
2011211	 5151 	25.9
2011212	 5094 	26.2
2011213	 5207 	26.2
2011214	 5009 	26.6
2011215	 4953 	26.6
2011216	 4924 	26.2
2011217	 4896 	26.3
2011218	 5066 	26.6
2011219	 5207 	26.5
2011220	 5037 	26.3
2011221	 5009 	26.1
2011222	 5151 	25.8
2011223	 5037 	25.0
2011224	 4924 	24.6
2011225	 4953 	24.4
2011226	 5066 	24.3
2011227	 5066 	23.6
2011228	 5122 	23.5
2011229	 5122 	23.7
2011230	 5066 	23.9
2011231	 5094 	24.0
2011232	 5009 	24.3
2011233	 5264 	24.3
2011234	 5235 	23.8
2011235	 4981 	23.6
2011236	 4613 	23.5
2011237	 5151 	23.7
2011238	 4953 	23.3
2011239	 5009 	23.4
2011240	 5207 	23.4
2011241	 5094 	22.8
2011242	 5094 	22.6
2011243	 5009 	22.5
2011244	 5094 	22.7
2011245	 4981 	23.4
2011246	 4896 	24.1
2011247	 5037 	24.5
2011248	 5179 	23.6
2011249	 5122 	22.0
2011250	 5292 	20.5
2011251	 5377 	19.3
2011252	 5462 	19.2
2011253	 5405 	19.6
2011254	 5207 	19.9
2011255	 5207 	20.3
2011256	 5151 	20.8
2011257	 5405 	20.8
2011258	 5575 	20.3
2011259	 5264 	19.4
2011260	 5207 	18.6
2011261	 5179 	18.1
2011262	 5009 	18.1
2011263	 5122 	17.9
2011264	 4839 	18.3
2011265	 5122 	18.6
2011266	 5320 	18.6
2011267	 5235 	18.2
2011268	 5320 	18.3
2011269	 5207 	18.5
2011270	 5179 	18.5
2011271	 5094 	18.3
2011272	 5292 	18.0
2011273	 5858 	17.6
2011274	 5745 	16.2
2011275	 5462 	15.0
2011276	 5688 	14.3
2011277	 5462 	13.9
2011278	 5207 	14.4
2011279	 4953 	14.9
2011280	 4981 	15.3
2011281	 4896 	15.8
2011282	 4896 	16.1
2011283	 4811 	16.6
2011284	 4783 	16.9
2011285	 4669 	17.2
2011286	 4896 	17.0
2011287	 5179 	16.9
2011288	 5405 	15.8
2011289	 5066 	14.4
2011290	 5235 	13.5
2011291	 4981 	13.0
2011292	 5207 	12.6
2011293	 5320 	12.1
2011294	 5886 	11.5
2011295	 5575 	11.4
2011296	 5377 	11.6
2011297	 5519 	11.7
2011298	 5490 	11.5
2011299	 5603 	11.4
2011300	 5575 	11.2
2011301	 5575 	10.8
2011302	 5462 	10.8
2011303	 5349 	10.6
2011304	 5264 	10.5
2011305	 5377 	10.2
2011306	 5235 	10.2
2011307	 5575 	10.3
2011308	 5462 	9.9
2011309	 5235 	9.7
2011310	 5207 	9.4
2011311	 5207 	9.8
2011312	 5235 	10.0
2011313	 4754 	10.3
2011314	 5519 	10.2
2011315	 5264 	9.5
2011316	 4924 	9.1
2011317	 4613 	9.1
2011318	 5179 	9.2
2011319	 4981 	9.1
2011320	 5377 	9.1
2011321	 5717 	8.3
2011322	 4811 	7.5
2011323	 4924 	7.2
2011324	 5151 	7.4
2011325	 5235 	7.0
2011326	 5066 	6.6
2011327	 5519 	6.0
2011328	 5632 	5.7
2011329	 5207 	5.8
2011330	 5151 	6.4
2011331	 5264 	6.9
2011332	 5490 	6.9
2011333	 6283 	6.7
2011334	 6452 	6.4
2011335	 6028 	6.2
2011336	 6084 	5.8
2011337	 5575 	5.6
2011338	 5405 	5.7
2011339	 5802 	5.5
2011340	 5802 	5.0
2011341	 5802 	4.8
2011342	 5858 	4.3
2011343	 5632 	4.1
2011344	 5434 	3.4
2011345	 5009 	2.7
2011346	 5094 	2.5
2011347	 5122 	2.1
2011348	 4924 	1.9
2011349	 4981 	2.6
2011350	 5490 	3.1
2011351	 5151 	3.5
2011352	 5094 	3.9
2011353	 5207 	3.4
2011354	 5122 	3.2
2011355	 5207 	3.1
2011356	 5179 	3.2
2011357	 5434 	3.3
2011358	 4981 	3.4
2011359	 5292 	3.3
2011360	 4981 	2.9
2011361	 4981 	3.4
2011362	 5603 	2.9
2011363	 4726 	2.5
2011364	 4896 	2.5
2011365	 5264 	2.3
2012001	 5012 	2.8
2012002	 5777 	2.2
2012003	 5352 	1.6
2012004	 5125 	1.0
2012005	 5069 	0.8
2012006	 4927 	1.3
2012007	 5154 	1.7
2012008	 5097 	1.5
2012009	 4899 	1.3
2012010	 5210 	1.5
2012011	 4899 	2.0
2012012	 4899 	2.0
2012013	 5918 	1.4
2012014	 4955 	0.5
2012015	 4729 	0.1
2012016	 4616 	0.1
2012017	 5069 	0.5
2012018	 5125 	0.3
2012019	 5012 	0.1
2012020	 4984 	0.1
2012021	 4899 	0.1
2012022	 4616 	0.1
2012023	 4502 	0.1
2012024	 5408 	0.1
2012025	 5012 	0.1
2012026	 4786 	0.1
2012027	 5210 	0.1
2012028	 5040 	0.1
2012029	 5239 	0.1
2012030	 4729 	0.1
2012031	 4729 	0.1
2012032	 5182 	0.1
2012033	 5182 	0.2
2012034	 5154 	1.1
2012035	 5182 	1.7
2012036	 5210 	2.0
2012037	 5182 	1.9
2012038	 5408 	1.8
2012039	 5210 	1.8
2012040	 5267 	1.8
2012041	 5040 	1.4
2012042	 5720 	0.8
2012043	 5465 	0.6
2012044	 5154 	0.6
2012045	 4672 	0.1
2012046	 4701 	0.1
2012047	 4814 	0.1
2012048	 4955 	0.1
2012049	 5125 	0.1
2012050	 5182 	0.1
2012051	 5069 	0.1
2012052	 4870 	0.1
2012053	 4927 	0.1
2012054	 5069 	0.1
2012055	 5324 	0.3
2012056	 5493 	0.9
2012057	 4870 	1.2
2012058	 4984 	1.6
2012059	 4955 	1.6
2012060	 4870 	1.8
2012061	 5210 	1.9
2012062	 4701 	2.1
2012063	 5295 	2.2
2012064	 5324 	2.3
2012065	 5069 	2.2
2012066	 4502 	2.4
2012067	 4587 	3.0
2012068	 5040 	3.2
2012069	 5493 	3.1
2012070	 4870 	3.2
2012071	 4984 	3.9
2012072	 4870 	4.4
2012073	 5097 	5.4
2012074	 5097 	6.0
2012075	 4984 	7.0
2012076	 5097 	7.7
2012077	 4870 	8.7
2012078	 4786 	9.9
2012079	 4786 	11.3
2012080	 4729 	12.3
2012081	 4729 	12.9
2012082	 4814 	13.8
2012083	 4814 	14.9
2012084	 4927 	15.7
2012085	 5040 	15.9
2012086	 5408 	15.3
2012087	 4729 	14.7
2012088	 5125 	14.7
2012089	 5154 	13.6
2012090	 4701 	12.7
2012091	 5437 	11.8
2012092	 5125 	11.3
2012093	 5210 	10.6
2012094	 5040 	9.9
2012095	 5210 	9.1
2012096	 5352 	8.0
2012097	 5267 	7.4
2012098	 5069 	7.1
2012099	 5097 	7.1
2012100	 5069 	7.6
2012101	 5182 	7.7
2012102	 5210 	7.2
2012103	 5040 	7.4
2012104	 4984 	7.8
2012105	 4814 	8.3
2012106	 4786 	9.0
2012107	 4219 	9.6
2012108	 5182 	9.7
2012109	 4899 	9.6
2012110	 5012 	10.5
2012111	 5069 	11.0
2012112	 5380 	10.9
2012113	 5437 	10.4
2012114	 5748 	10.3
2012115	 5522 	10.7
2012116	 5069 	11.0
2012117	 5267 	11.2
2012118	 5267 	11.0
2012119	 5125 	10.6
2012120	 5210 	9.8
2012121	 4842 	9.4
2012122	 5069 	9.6
2012123	 4899 	10.3
2012124	 4842 	10.9
2012125	 5069 	11.2
2012126	 4984 	11.8
2012127	 4927 	12.4
2012128	 4955 	12.8
2012129	 5097 	13.3
2012130	 5069 	13.6
2012131	 5097 	13.8
2012132	 4899 	14.4
2012133	 4899 	15.4
2012134	 4842 	15.9
2012135	 4842 	16.4
2012136	 4814 	16.8
2012137	 5012 	16.4
2012138	 4729 	15.6
2012139	 4757 	15.4
2012140	 5040 	15.8
2012141	 4786 	16.3
2012142	 5069 	16.8
2012143	 5012 	16.7
2012144	 4786 	16.9
2012145	 4842 	17.6
2012146	 5040 	18.3
2012147	 4955 	18.3
2012148	 4757 	18.7
2012149	 4927 	19.4
2012150	 5125 	19.7
2012151	 5069 	20.0
2012152	 5012 	20.2
2012153	 4955 	20.1
2012154	 4842 	19.8
2012155	 5069 	19.6
2012156	 4984 	19.3
2012157	 5069 	19.2
2012158	 5154 	19.3
2012159	 5182 	19.1
2012160	 5069 	18.9
2012161	 4984 	19.3
2012162	 4870 	19.6
2012163	 4729 	19.3
2012164	 5012 	19.1
2012165	 4729 	18.9
2012166	 4729 	19.2
2012167	 4899 	19.8
2012168	 4927 	20.3
2012169	 4786 	20.5
2012170	 4757 	20.9
2012171	 4899 	21.8
2012172	 4899 	22.5
2012173	 4927 	23.0
2012174	 5012 	23.0
2012175	 4786 	22.7
2012176	 4984 	22.7
2012177	 5125 	22.4
2012178	 5012 	22.4
2012179	 5125 	23.0
2012180	 5210 	23.7
2012181	 5239 	24.1
2012182	 4927 	24.3
2012183	 4899 	24.6
2012184	 4899 	24.9
2012185	 4814 	24.6
2012186	 5040 	24.6
2012187	 4984 	24.4
2012188	 5040 	24.9
2012189	 5239 	25.4
2012190	 5040 	25.4
2012191	 4955 	25.6
2012192	 5125 	25.8
2012193	 4955 	25.6
2012194	 4927 	25.3
2012195	 4927 	25.1
2012196	 4870 	24.8
2012197	 4814 	24.9
2012198	 4814 	25.0
2012199	 4870 	25.4
2012200	 4870 	25.3
2012201	 4814 	25.0
2012202	 4814 	24.4
2012203	 4927 	24.0
2012204	 4927 	24.2
2012205	 4984 	24.8
2012206	 5069 	24.9
2012207	 4672 	24.9
2012208	 5012 	25.0
2012209	 4786 	24.8
2012210	 4984 	24.8
2012211	 4842 	24.4
2012212	 4870 	24.2
2012213	 5012 	23.8
2012214	 4870 	23.7
2012215	 4842 	24.0
2012216	 4842 	24.4
2012217	 4644 	24.7
2012218	 4927 	24.5
2012219	 4729 	23.9
2012220	 4729 	23.9
2012221	 4870 	24.0
2012222	 4757 	23.6
2012223	 4842 	23.4
2012224	 5097 	23.1
2012225	 5069 	23.0
2012226	 4899 	22.8
2012227	 4955 	22.5
2012228	 5040 	22.3
2012229	 4842 	22.2
2012230	 5324 	21.8
2012231	 4955 	21.1
2012232	 5040 	20.6
2012233	 5125 	20.5
2012234	 5012 	20.3
2012235	 4955 	19.9
2012236	 4870 	20.1
2012237	 4814 	20.3
2012238	 4729 	20.8
2012239	 4587 	21.1
2012240	 4842 	21.2
2012241	 4814 	21.3
2012242	 4587 	21.2
2012243	 4616 	21.2
2012244	 4842 	21.6
2012245	 4786 	22.1
2012246	 4644 	22.4
2012247	 4644 	22.8
2012248	 4757 	23.0
2012249	 4644 	23.1
2012250	 4814 	23.3
2012251	 4616 	23.2
2012252	 5040 	22.7
2012253	 4786 	22.2
2012254	 4786 	21.7
2012255	 4786 	21.5
2012256	 4757 	21.6
2012257	 4729 	21.7
2012258	 4899 	21.0
2012259	 4984 	20.4
2012260	 4927 	20.1
2012261	 4955 	19.7
2012262	 5182 	19.1
2012263	 4701 	18.4
2012264	 4644 	17.8
2012265	 4955 	17.4
2012266	 5012 	16.9
2012267	 4955 	16.5
2012268	 4842 	16.1
2012269	 5012 	15.9
2012270	 5182 	15.6
2012271	 4955 	14.8
2012272	 5069 	14.7
2012273	 5239 	14.6
2012274	 5324 	14.2
2012275	 4814 	13.7
2012276	 5154 	13.9
2012277	 5069 	14.3
2012278	 4984 	14.5
2012279	 5040 	14.4
2012280	 5182 	14.1
2012281	 4984 	13.9
2012282	 4757 	13.6
2012283	 4559 	13.2
2012284	 4899 	12.5
2012285	 4672 	12.3
2012286	 5012 	11.7
2012287	 4786 	11.2
2012288	 4644 	11.5
2012289	 5097 	11.4
2012290	 4984 	10.9
2012291	 4814 	10.8
2012292	 4531 	10.5
2012293	 4616 	10.3
2012294	 5267 	10.5
2012295	 5097 	10.7
2012296	 4899 	11.1
2012297	 4899 	11.6
2012298	 4786 	12.5
2012299	 4701 	13.2
2012300	 4984 	13.7
2012301	 5125 	13.8
2012302	 5437 	13.0
2012303	 5946 	12.6
2012304	 6343 	12.3
2012305	 5720 	11.5
2012306	 5437 	11.0
2012307	 5408 	10.5
2012308	 5154 	10.1
2012309	 5069 	9.4
2012310	 4984 	8.7
2012311	 4870 	7.7
2012312	 4955 	6.6
2012313	 5069 	5.5
2012314	 5012 	4.9
2012315	 4701 	5.1
2012316	 4531 	5.6
2012317	 4729 	5.9
2012318	 4984 	5.5
2012319	 4531 	5.2
2012320	 4842 	5.0
2012321	 4899 	5.0
2012322	 4984 	5.1
2012323	 4814 	5.4
2012324	 4955 	5.5
2012325	 4899 	5.9
2012326	 4899 	6.1
2012327	 4701 	6.6
2012328	 4984 	6.6
2012329	 5040 	5.8
2012330	 4701 	4.9
2012331	 4786 	4.3
2012332	 4729 	4.3
2012333	 4786 	4.4
2012334	 4786 	4.4
2012335	 4729 	4.3
2012336	 4701 	4.5
2012337	 4757 	4.8
2012338	 4672 	5.2
2012339	 4672 	5.4
2012340	 5012 	4.9
2012341	 4672 	4.3
2012342	 4842 	4.2
2012343	 4984 	4.4
2012344	 4786 	4.6
2012345	 5097 	4.7
2012346	 4870 	4.8
2012347	 4729 	4.8
2012348	 4531 	4.7
2012349	 4701 	4.6
2012350	 4446 	4.4
2012351	 4644 	4.3
2012352	 4729 	4.0
2012353	 4814 	3.6
2012354	 4701 	3.7
2012355	 4247 	4.0
2012356	 5352 	3.7
2012357	 5267 	3.4
2012358	 4927 	3.1
2012359	 4870 	2.8
2012360	 5097 	2.6
2012361	 4701 	2.4
2012362	 5210 	1.9
2012363	 4955 	1.3
2012364	 4984 	0.8
2012365	 4927 	0.1
2012366	 4842 	0.1
2013001	 4729 	0.1
2013002	 4644 	0.1
2013003	 4616 	0.1
2013004	 4701 	0.1
2013005	 4163 	0.1
2013006	 4587 	0.1
2013007	 4361 	0.1
2013008	 4474 	0.1
2013009	 4616 	0.1
2013010	 4587 	0.1
2013011	 4531 	0.1
2013012	 4644 	0.1
2013013	 4870 	0.6
2013014	 5125 	0.6
2013015	 4927 	0.6
2013016	 4955 	1.1
2013017	 5069 	1.3
2013018	 4644 	1.3
2013019	 4587 	1.9
2013020	 4984 	1.8
2013021	 4899 	1.0
2013022	 4842 	0.1
2013023	 4276 	0.1
2013024	 4446 	0.1
2013025	 4219 	0.1
2013026	 4247 	0.1
2013027	 3936 	0.1
2013028	 3851 	0.1
2013029	 4049 	0.1
2013030	 4163 	0.1
2013031	 5352 	0.1
2013032	 5154 	0.1
2013033	 4644 	0.1
2013034	 4446 	0.1
2013035	 4502 	0.1
2013036	 4304 	0.1
2013037	 4474 	0.1
2013038	 4276 	0.1
2013039	 4757 	0.1
2013040	 4389 	0.1
2013041	 4049 	0.1
2013042	 4304 	0.1
2013043	 4502 	0.1
2013044	 4332 	0.1
2013045	 4191 	0.1
2013046	 4701 	0.1
2013047	 4814 	0.1
2013048	 4672 	0.1
2013049	 4531 	0.1
2013050	 4247 	0.1
2013051	 4389 	0.1
2013052	 4531 	0.1
2013053	 4389 	0.1
2013054	 4531 	0.1
2013055	 4672 	0.1
2013056	 4757 	0.1
2013057	 4814 	0.1
2013058	 4672 	0.1
2013059	 4870 	0.1
2013060	 4616 	0.1
2013061	 4701 	0.1
2013062	 4729 	0.1
2013063	 4701 	0.1
2013064	 4559 	0.1
2013065	 4559 	0.1
2013066	 4814 	0.1
2013067	 4786 	0.1
2013068	 4616 	0.1
2013069	 4701 	0.6
2013070	 4163 	1.2
2013071	 4984 	1.4
2013072	 5267 	1.2
2013073	 5380 	1.1
2013074	 5267 	1.4
2013075	 5380 	1.5
2013076	 5493 	1.6
2013077	 5125 	1.7
2013078	 5295 	1.8
2013079	 5154 	1.4
2013080	 4984 	1.1
2013081	 4842 	1.1
2013082	 4814 	1.0
2013083	 4899 	0.3
2013084	 5069 	0.1
2013085	 5267 	0.1
2013086	 5125 	0.4
2013087	 5069 	0.8
2013088	 4955 	1.0
2013089	 4814 	1.5
2013090	 4814 	2.3
2013091	 5097 	2.4
2013092	 5069 	2.5
2013093	 5012 	2.8
2013094	 4757 	3.4
2013095	 4955 	3.6
2013096	 4672 	3.9
2013097	 4672 	4.6
2013098	 4616 	5.2
2013099	 4786 	5.4
2013100	 4927 	5.5
2013101	 4559 	5.3
2013102	 5040 	5.3
2013103	 5493 	5.2
2013104	 5380 	4.9
2013105	 5352 	5.6
2013106	 5295 	6.4
2013107	 5210 	6.9
2013108	 4899 	7.8
2013109	 4899 	8.2
2013110	 5437 	8.0
2013111	 5069 	7.6
2013112	 5182 	7.4
2013113	 4984 	7.8
2013114	 5210 	8.0
2013115	 4955 	8.2
2013116	 4955 	8.3
2013117	 5040 	8.8
2013118	 4786 	9.2
2013119	 4899 	9.5
2013120	 4814 	9.8
2013121	 4814 	10.5
2013122	 4757 	10.5
2013123	 4786 	11.1
2013124	 4729 	12.2
2013125	 4870 	13.1
2013126	 4899 	13.6
2013127	 5040 	13.9
2013128	 5069 	14.7
2013129	 4927 	15.6
2013130	 4786 	16.2
2013131	 4984 	16.1
2013132	 5154 	15.8
2013133	 5097 	15.2
2013134	 5012 	15.0
2013135	 5040 	15.2
2013136	 4984 	15.3
2013137	 4502 	15.0
2013138	 4701 	15.2
2013139	 4786 	15.6
2013140	 4814 	16.2
2013141	 4955 	16.7
2013142	 4644 	17.0
2013143	 4927 	16.5
2013144	 5295 	16.0
2013145	 5295 	16.1
2013146	 5097 	16.4
2013147	 4757 	16.8
2013148	 5040 	17.2
2013149	 5380 	17.4
2013150	 5154 	17.8
2013151	 5097 	18.5
2013152	 4984 	18.7
2013153	 4870 	18.5
2013154	 4899 	17.8
2013155	 5012 	17.1
2013156	 4842 	16.6
2013157	 5040 	16.8
2013158	 4955 	17.2
2013159	 5210 	17.7
2013160	 5550 	18.2
2013161	 5862 	18.6
2013162	 5720 	18.9
2013163	 5239 	18.6
2013164	 5182 	18.3
2013165	 5239 	17.9
2013166	 5097 	17.7
2013167	 5040 	18.1
2013168	 5210 	18.6
2013169	 5069 	18.8
2013170	 4899 	18.8
2013171	 5040 	19.1
2013172	 5040 	19.7
2013173	 4984 	20.3
2013174	 4927 	20.9
2013175	 5069 	21.4
2013176	 4984 	21.5
2013177	 4984 	21.8
2013178	 4955 	22.0
2013179	 5040 	22.2
2013180	 5040 	22.3
2013181	 5125 	22.1
2013182	 4927 	21.8
2013183	 4899 	22.0
2013184	 5267 	22.4
2013185	 5210 	22.7
2013186	 5295 	22.8
2013187	 5210 	22.7
2013188	 4955 	22.5
2013189	 4786 	22.4
2013190	 4927 	22.5
2013191	 5154 	22.6
2013192	 4927 	22.4
2013193	 4927 	22.3
2013194	 4870 	22.5
2013195	 4955 	22.8
2013196	 5040 	23.4
2013197	 5069 	24.0
2013198	 5069 	24.4
2013199	 4927 	24.7
2013200	 4701 	24.9
2013201	 4955 	24.9
2013202	 4814 	24.8
2013203	 4672 	24.7
2013204	 4814 	24.5
2013205	 4899 	23.9
2013206	 4757 	23.8
2013207	 4842 	23.7
2013208	 4701 	23.5
2013209	 4814 	22.8
2013210	 4814 	22.1
2013211	 4729 	21.6
2013212	 4616 	21.0
2013213	 5012 	20.7
2013214	 4757 	20.1
2013215	 4899 	19.8
2013216	 5040 	19.6
2013217	 4870 	19.2
2013218	 4870 	19.2
2013219	 4955 	19.7
2013220	 4984 	19.9
2013221	 4842 	20.0
2013222	 4842 	20.1
2013223	 4842 	20.4
2013224	 4870 	20.6
2013225	 5069 	20.4
2013226	 4984 	20.1
2013227	 4899 	19.7
2013228	 4899 	19.7
2013229	 4842 	19.6
2013230	 4842 	19.8
2013231	 4870 	20.0
2013232	 4814 	20.1
2013233	 4757 	20.2
2013234	 4927 	20.5
2013235	 4701 	20.5
2013236	 4644 	20.5
2013237	 4644 	20.7
2013238	 4870 	21.0
2013239	 4786 	21.6
2013240	 4786 	22.2
2013241	 4786 	22.7
2013242	 4701 	23.0
2013243	 4870 	23.3
2013244	 4672 	23.4
2013245	 4899 	23.3
2013246	 4955 	22.9
2013247	 5012 	22.6
2013248	 4870 	22.0
2013249	 4814 	21.5
2013250	 4927 	21.6
2013251	 4927 	21.3
2013252	 4729 	20.8
2013253	 4927 	21.1
2013254	 4927 	21.3
2013255	 5040 	20.9
2013256	 5154 	20.1
2013257	 5012 	19.4
2013258	 5267 	18.8
2013259	 5437 	18.3
2013260	 5069 	17.9
2013261	 4984 	17.6
2013262	 4899 	18.0
2013263	 4842 	18.5
2013264	 5097 	18.2
2013265	 5182 	17.8
2013266	 5239 	17.3
2013267	 5295 	16.3
2013268	 5352 	15.5
2013269	 5267 	15.2
2013270	 5012 	15.6
2013271	 4927 	15.9
2013272	 5040 	16.1
2013273	 5182 	16.5
2013274	 5097 	16.8
2013275	 5097 	17.0
2013276	 4870 	17.0
2013277	 4984 	16.9
2013278	 4786 	17.2
2013279	 4587 	17.6
2013280	 5097 	17.5
2013281	 4729 	17.5
2013282	 4757 	17.5
2013283	 5040 	17.3
2013284	 5125 	17.2
2013285	 4899 	17.2
2013286	 5125 	17.1
2013287	 5125 	16.7
2013288	 5040 	16.3
2013289	 5154 	16.0
2013290	 5154 	15.3
2013291	 5239 	14.6
2013292	 5154 	13.6
2013293	 5239 	13.0
2013294	 5040 	12.9
2013295	 5267 	12.5
2013296	 5267 	11.9
2013297	 5493 	11.2
2013298	 5465 	10.5
2013299	 5408 	9.7
2013300	 5324 	9.0
2013301	 5380 	8.6
2013302	 5352 	8.2
2013303	 5437 	7.8
2013304	 5210 	8.1
2013305	 5380 	8.1
2013306	 5607 	8.0
2013307	 5408 	7.6
2013308	 5182 	7.2
2013309	 5493 	7.4
2013310	 5239 	7.8
2013311	 5862 	7.8
2013312	 5522 	7.7
2013313	 5154 	7.9
2013314	 5833 	7.9
2013315	 5522 	7.6
2013316	 5493 	7.1
2013317	 5040 	6.3
2013318	 5380 	5.6
2013319	 5295 	5.3
2013320	 5154 	5.4
2013321	 4559 	6.1
2013322	 5777 	6.2
2013323	 5352 	5.6
2013324	 5210 	5.0
2013325	 5295 	5.1
2013326	 5663 	5.1
2013327	 5720 	4.2
2013328	 5833 	3.3
2013329	 4984 	2.9
2013330	 5437 	3.0
2013331	 5748 	2.8
2013332	 5352 	2.2
2013333	 5182 	1.5
2013334	 4984 	1.0
2013335	 5493 	0.4
2013336	 5324 	0.1
2013337	 5182 	0.1
2013338	 5125 	0.4
2013339	 5239 	0.7
2013340	 5380 	0.3
2013341	 5465 	0.2
2013342	 5182 	0.3
2013343	 5239 	0.3
2013344	 5239 	0.1
2013345	 5408 	0.1
2013346	 5380 	0.1
2013347	 5182 	0.1
2013348	 5012 	0.1
2013349	 5324 	0.1
2013350	 5040 	0.1
2013351	 5154 	0.1
2013352	 5267 	0.1
2013353	 5210 	0.1
2013354	 5295 	0.1
2013355	 5437 	0.1
2013356	 5295 	0.1
2013357	 5635 	0.1
2013358	 5777 	0.1
2013359	 4757 	0.1
2013360	 5210 	0.1
2013361	 5267 	0.1
2013362	 5324 	0.1
2013363	 5465 	0.1
2013364	 5465 	0.1
2013365	 5635 	0.1
2014001	 5069 	0.1
2014002	 4644 	0.1
2014003	 4870 	0.1
2014004	 4134 	0.1
2014005	 3738 	0.1
2014006	 4531 	0.1
2014007	 3766 	0.1
2014008	 3370 	0.1
2014009	 3228 	0.1
2014010	 3426 	0.1
2014011	 3058 	0.1
2014012	 3794 	0.1
2014013	 3738 	0.1
2014014	 3908 	0.1
2014015	 4389 	0.1
2014016	 4049 	0.1
2014017	 4304 	0.1
2014018	 4446 	0.1
2014019	 4247 	0.1
2014020	 4247 	0.1
2014021	 4163 	0.1
2014022	 4106 	0.1
2014023	 4021 	0.1
2014024	 4021 	0.1
2014025	 3964 	0.1
2014026	 3766 	0.1
2014027	 3794 	0.1
2014028	 4276 	0.1
2014029	 3993 	0.1
2014030	 3766 	0.1
2014031	 3596 	0.1
2014032	 3398 	0.1
2014033	 3511 	0.1
2014034	 3540 	0.1
2014035	 3540 	0.1
2014036	 3370 	0.1
2014037	 3568 	0.1
2014038	 3823 	0.1
2014039	 3625 	0.1
2014040	 3483 	0.1
2014041	 3455 	0.1
2014042	 3511 	0.1
2014043	 3540 	0.1
2014044	 3511 	0.1
2014045	 3511 	0.1
2014046	 3596 	0.1
2014047	 3625 	0.1
2014048	 3596 	0.1
2014049	 3709 	0.1
2014050	 4049 	0.1
2014051	 3993 	0.1
2014052	 4276 	0.1
2014053	 4559 	0.1
2014054	 4899 	0.1
2014055	 5012 	0.1
2014056	 4757 	0.1
2014057	 4587 	0.1
2014058	 4559 	0.1
2014059	 4134 	0.1
2014060	 3993 	0.1
2014061	 4276 	0.1
2014062	 4446 	0.1
2014063	 4361 	0.1
2014064	 4389 	0.1
2014065	 4474 	0.1
2014066	 4644 	0.1
2014067	 4814 	0.1
2014068	 4842 	0.1
2014069	 5040 	0.1
2014070	 5267 	0.1
2014071	 5324 	0.1
2014072	 4927 	0.1
2014073	 4870 	0.1
2014074	 5578 	0.1
2014075	 5465 	0.1
2014076	 5012 	0.1
2014077	 5154 	0.1
2014078	 5239 	0.1
2014079	 5748 	0.1
2014080	 5352 	0.1
2014081	 5578 	0.1
2014082	 5663 	0.1
2014083	 5635 	0.1
2014084	 5607 	0.1
2014085	 5437 	0.1
2014086	 5154 	0.1
2014087	 5295 	0.1
2014088	 5437 	0.1
2014089	 5493 	0.1
2014090	 5352 	0.8
2014091	 5239 	1.5
2014092	 5607 	1.6
2014093	 5267 	1.7
2014094	 5324 	2.1
2014095	 6031 	2.4
2014096	 5918 	3.1
2014097	 5607 	3.7
2014098	 5748 	4.7
2014099	 5607 	5.7
2014100	 5324 	6.5
2014101	 5437 	6.8
2014102	 5352 	7.7
2014103	 5210 	8.6
2014104	 5040 	8.9
2014105	 5805 	8.1
2014106	 5182 	7.5
2014107	 5267 	7.9
2014108	 5493 	8.2
2014109	 5408 	8.3
2014110	 5295 	8.8
2014111	 5210 	9.5
2014112	 5437 	9.6
2014113	 5522 	9.6
2014114	 5069 	9.1
2014115	 5267 	8.9
2014116	 5352 	8.5
2014117	 5324 	7.9
2014118	 5182 	7.8
2014119	 5210 	8.9
2014120	 5324 	9.9
2014121	 5097 	10.0
2014122	 5380 	10.1
2014123	 5352 	10.6
2014124	 5465 	10.4
2014125	 5380 	9.9
2014126	 5408 	9.8
2014127	 5182 	10.0
2014128	 5408 	10.9
2014129	 5324 	11.8
2014130	 5522 	12.4
2014131	 5352 	13.1
2014132	 5154 	13.8
2014133	 5267 	14.3
2014134	 5493 	14.3
2014135	 5324 	14.5
2014136	 5692 	14.3
2014137	 5777 	14.1
2014138	 5578 	14.2
2014139	 5550 	14.7
2014140	 5324 	15.2
2014141	 5408 	15.9
2014142	 5352 	15.8
2014143	 5522 	15.4
2014144	 5493 	15.4
2014145	 5210 	15.7
2014146	 5295 	15.9
2014147	 5380 	15.9
2014148	 5324 	16.1
2014149	 5692 	16.4
2014150	 5918 	17.2
2014151	 5720 	17.8
2014152	 5777 	18.4
2014153	 5408 	19.1
2014154	 5550 	19.5
2014155	 5352 	19.2
2014156	 5663 	19.3
2014157	 5097 	19.5
2014158	 5154 	19.6
2014159	 5522 	19.5
2014160	 5607 	19.3
2014161	 5862 	19.1
2014162	 5748 	19.5
2014163	 5918 	20.0
2014164	 5720 	19.9
2014165	 5408 	19.7
2014166	 5493 	19.6
2014167	 5975 	19.8
2014168	 5182 	20.0
2014169	 5550 	20.4
2014170	 5805 	20.6
2014171	 5295 	20.5
2014172	 5578 	20.5
2014173	 5635 	20.7
2014174	 5493 	20.8
2014175	 5522 	21.1
2014176	 5833 	21.1
2014177	 5720 	20.9
2014178	 5408 	21.3
2014179	 5522 	21.8
2014180	 5295 	22.3
2014181	 5324 	22.3
2014182	 5493 	22.2
2014183	 5635 	22.3
2014184	 5550 	22.2
2014185	 5465 	22.3
2014186	 5295 	22.3
2014187	 5324 	22.3
2014188	 5635 	22.5
2014189	 5550 	22.5
2014190	 5380 	22.4
2014191	 5635 	22.3
2014192	 5550 	22.2
2014193	 5437 	22.1
2014194	 5635 	21.9
2014195	 5862 	21.7
2014196	 5692 	21.3
2014197	 5522 	20.8
2014198	 5437 	20.9
2014199	 5408 	21.0
2014200	 5324 	20.9
2014201	 5522 	20.8
2014202	 5663 	20.5
2014203	 5437 	20.6
2014204	 5663 	20.6
2014205	 5408 	20.5
2014206	 5267 	20.3
2014207	 5380 	20.1
2014208	 5493 	20.0
2014209	 5720 	19.5
2014210	 5522 	19.4
2014211	 5607 	19.5
2014212	 5550 	19.5
2014213	 5522 	19.6
2014214	 5465 	19.8
2014215	 5465 	19.8
2014216	 5465 	19.8
2014217	 5380 	19.6
2014218	 5493 	19.5
2014219	 5465 	19.7
2014220	 5408 	19.8
2014221	 5352 	19.7
2014222	 5324 	19.8
2014223	 5182 	20.1
2014224	 5692 	20.3
2014225	 5833 	20.4
2014226	 5777 	20.3
2014227	 5692 	19.9
2014228	 5635 	19.8
2014229	 5578 	19.8
2014230	 5408 	19.7
2014231	 5437 	19.9
2014232	 5465 	20.1
2014233	 5493 	20.2
2014234	 5380 	20.5
2014235	 5295 	20.6
2014236	 5295 	20.6
2014237	 5352 	20.7
2014238	 5408 	21.0
2014239	 5635 	21.1
2014240	 5408 	21.1
2014241	 5239 	21.2
2014242	 5267 	21.5
2014243	 5550 	21.7
2014244	 5352 	22.0
2014245	 5663 	21.9
2014246	 5324 	21.7
2014247	 5267 	21.7
2014248	 5324 	21.9
2014249	 5465 	21.6
2014250	 5380 	21.3
2014251	 5267 	20.9
2014252	 5437 	20.5
2014253	 5040 	20.5
2014254	 5833 	20.5
2014255	 5720 	20.2
2014256	 5890 	19.3
2014257	 5720 	18.3
2014258	 5805 	17.3
2014259	 5833 	16.8
2014260	 5862 	16.3
2014261	 5805 	15.6
2014262	 5635 	14.6
2014263	 5720 	14.7
2014264	 6173 	14.6
2014265	 5833 	14.2
2014266	 5663 	13.7
2014267	 5663 	13.4
2014268	 5748 	13.3
2014269	 5720 	13.5
2014270	 5635 	14.0
2014271	 5720 	14.5
2014272	 5692 	14.9
2014273	 5805 	15.0
2014274	 5748 	15.1
2014275	 5607 	15.8
2014276	 5324 	15.4
2014277	 5777 	14.5
2014278	 5748 	14.1
2014279	 5550 	14.4
2014280	 5663 	14.3
2014281	 6003 	14.0
2014282	 5862 	13.5
2014283	 6173 	13.1
2014284	 6145 	12.5
2014285	 5946 	11.9
2014286	 6088 	11.7
2014287	 5890 	11.9
2014288	 6145 	12.0
2014289	 6201 	11.9
2014290	 5890 	11.8
2014291	 6484 	11.8
2014292	 5918 	11.5
2014293	 5975 	11.5
2014294	 6315 	11.3
2014295	 6060 	11.2
2014296	 6145 	11.1
2014297	 6145 	11.1
2014298	 6088 	11.5
2014299	 6258 	11.6
2014300	 6003 	11.3
2014301	 6003 	11.1
2014302	 6173 	10.6
2014303	 6031 	10.0
2014304	 6286 	9.4
2014305	 6541 	9.1
2014306	 6315 	8.9
2014307	 6173 	8.8
2014308	 6116 	8.9
2014309	 6088 	8.9
2014310	 6088 	8.8
2014311	 6286 	8.3
2014312	 6116 	7.7
2014313	 6201 	7.3
2014314	 6060 	7.1
2014315	 5890 	6.8
2014316	 6286 	6.3
2014317	 6173 	5.8
2014318	 6230 	5.3
2014319	 6060 	4.9
2014320	 6031 	4.7
2014321	 6003 	3.7
2014322	 6286 	2.4
2014323	 5607 	1.4
2014324	 6201 	0.6
2014325	 5692 	0.1
2014326	 5720 	0.1
2014327	 5663 	0.1
2014328	 5182 	0.1
2014329	 6400 	0.1
2014330	 6060 	0.1
2014331	 6258 	0.1
2014332	 6230 	0.1
2014333	 5918 	0.1
2014334	 6173 	0.1
2014335	 6371 	0.3
2014336	 6230 	0.7
2014337	 6343 	1.1
2014338	 6088 	1.2
2014339	 6003 	1.8
2014340	 6173 	1.8
2014341	 6088 	1.1
2014342	 6003 	0.7
2014343	 6145 	0.9
2014344	 6484 	0.7
2014345	 6400 	0.7
2014346	 6230 	1.0
2014347	 6145 	1.0
2014348	 6173 	0.9
2014349	 6116 	1.3
2014350	 6031 	1.9
2014351	 6371 	1.9
2014352	 5946 	2.1
2014353	 6173 	1.7
2014354	 5946 	1.4
2014355	 5946 	1.3
2014356	 5720 	1.1
2014357	 5890 	1.3
2014358	 5777 	2.0
2014359	 6116 	2.3
2014360	 5833 	2.6
2014361	 5833 	2.8
2014362	 6060 	2.2
2014363	 5946 	1.6
2014364	 5890 	0.8
2014365	 5663 	0.2
